4771,46955
4770,46972
4769,46930
4770,46988
4769,46948
4769,46970
4770,46986
4769,46996
4768,46947
4769,46947
4770,46968
4770,46977
4771,46999
4769,46951
4770,46957
4771,46975
4771,46965
4771,46994
4769,46960
4770,46959
4771,46965
4769,46955
4768,46953
4770,46941
4771,46960
4770,47003
4770,47000
4770,46965
4770,46974
4770,46962
4770,47016
4771,46947
4768,46950
4769,46976
4770,46977
4770,46974
4771,46946
4771,46995
4771,46938
4768,46988
4770,46919
4771,46963
4768,46953
4770,46946
4769,46984
4769,46931
4768,46982
4770,46936
4769,46930
4768,46967
4770,46937
4768,46974
4769,46959
4770,46986
4769,46961
4769,46948
4769,46984
4770,46973
4770,47004
4768,46964
4770,46947
4770,46951
4770,46950
4768,46963
4770,46985
4767,46954
4768,46969
4770,46945
4771,46954
4769,46966
4769,47002
4770,46932
4769,46952
4769,46962
4770,46969
4770,46981
4771,46970
4770,46961
4770,46951
4771,46995
4769,46979
4771,46951
4772,46959
4770,46939
4770,46954
4769,46959
4770,46990
4770,46947
4770,46966
4771,46962
4770,46950
4770,46955
4770,46947
4770,46986
4770,46970
4771,46943
4771,46926
4771,46966
4769,47001
4770,46939
4770,46974
4770,46914
4770,46959
4769,46978
4770,46981
4770,46968
4767,46967
4769,46993
4771,46949
4770,46980
4770,46984
4769,46982
4771,46983
4770,47001
4769,47003
4772,47005
4768,47012
4770,46986
4770,46955
4770,46962
4769,46957
4770,46958
4769,46960
4770,46991
4769,46945
4770,46977
4769,46989
4769,46954
4768,46991
4773,47013
4769,46957
4770,46981
4770,46983
4770,46979
4768,46981
4769,46958
4767,46970
4767,46959
4770,46931
4769,46949
4771,46979
4770,46943
4770,46998
4771,46971
4767,46916
4770,46965
4770,46970
4770,46964
4770,46978
4770,46972
4770,46972
4768,46972
4771,46948
4770,46933
4770,46950
4770,46935
4770,46995
4770,46958
4769,46958
4770,46947
4770,47003
4767,46985
4769,46956
4766,46984
4768,46958
4770,46986
4771,46931
4770,46967
4771,46972
4768,46948
4769,46997
4770,46946
4769,46940
4770,46975
4770,46951
4770,46941
4768,46974
4770,46951
4770,46970
4768,46978
4769,46959
4768,46949
4766,46960
4768,46973
4770,46990
4771,46961
4770,46979
4769,46967
4771,46960
4768,46969
4769,46976
4770,46959
4769,46932
4770,46961
4771,46990
4771,46969
4770,46930
4771,46960
4770,46968
4771,46961
4770,46972
4770,46993
4771,46994
4768,46983
4767,46951
4769,46983
4769,46988
4769,46934
4771,46968
4770,46975
4771,46973
4770,46922
4771,46966
4769,46979
4771,47004
4770,46951
4771,46948
4770,46965
4768,46975
4768,46949
4770,46976
4769,46950
4771,46968
4772,46974
4768,46970
4770,46993
4769,46981
4771,46989
4771,46950
4771,46952
4771,46970
4770,46957
4769,46968
4770,46924
4769,46989
4770,46953
4770,46985
4770,46994
4770,46972
4770,46972
4771,46977
4771,46998
4769,46989
4769,46935
4771,46994
4769,46969
4770,46974
4770,47001
4769,46963
4770,46975
4771,46956
4769,46942
4770,46969
4769,46963
4768,46965
4768,46946
4767,46954
4765,46973
4770,46947
4768,46963
4769,46960
4770,46988
4770,46956
4770,46943
4770,46964
4769,46973
4772,46990
4770,46956
4770,46984
4769,46964
4765,46943
4770,46982
4770,47013
4768,46968
4767,46961
4769,47007
4768,46975
4771,47006
4771,46950
4770,46997
4769,46959
4770,46950
4771,46983
4769,46987
4771,46979
4770,46916
4771,46964
4770,46952
4769,46960
4768,46955
4767,46977
4769,46976
4770,46979
4770,46938
4767,46989
4769,46954
4770,47015
4771,46976
4769,46982
4770,46977
4772,46958
4767,46980
4769,46989
4768,46955
4770,46953
4767,46969
4770,46951
4769,46964
4769,46968
4769,46974
4768,46983
4770,46979
4770,46946
4770,46952
4770,47001
4770,46975
4770,46958
4771,46988
4770,46993
4768,47005
4767,46957
4767,46981
4768,46991
4769,46981
4769,46922
4770,46966
4769,46965
4769,46982
4771,46969
4770,46972
4770,46960
4771,46966
4770,46989
4770,46968
4772,46966
4769,46941
4771,46966
4769,46953
4770,46987
4770,47025
4765,46987
4770,46955
4771,46969
4770,46961
4772,46960
4771,47019
4771,46959
4770,46987
4770,46996
4772,46964
4769,46974
4770,46965
4769,46939
4770,46995
4770,46952
4769,46984
4770,46953
4770,46954
4771,46992
4771,46969
4770,46976
4771,46975
4770,46943
4769,47017
4771,46981
4768,46944
4771,46986
4771,46932
4770,46963
4770,46966
4770,46962
4770,46955
4770,46982
4770,46941
4770,46952
4771,46998
4770,46983
4769,46952
4771,46960
4770,46967
4769,46969
4768,46955
4768,46987
4771,46976
4770,46980
4770,46986
4771,46980
4770,46977
4769,46963
4771,46957
4772,46981
4769,46965
4770,46958
4771,46982
4770,46952
4770,46975
4771,46959
4770,46983
4771,46986
4771,46954
4770,46993
4770,46966
4771,46960
4770,46951
4771,46942
4769,46956
4772,46952
4772,46969
4770,46972
4770,46979
4771,46987
4771,46955
4769,46940
4768,46987
4770,46967
4771,46958
4770,46943
4771,46964
4772,46966
4771,46958
4771,46977
4771,46957
4772,46988
4770,46972
4770,46964
4771,46952
4770,46962
4770,46995
4771,46998
4770,46955
4770,46939
4770,46981
4771,46987
4769,46922
4769,46994
4769,46965
4767,46965
4770,46976
4772,46946
4770,46982
4770,46984
4770,47003
4771,46960
4771,46952
4770,46978
4771,46946
4769,46977
4772,46975
4769,46961
4769,46951
4771,46973
4770,46992
4772,46990
4768,46953
4771,46972
4770,46957
4767,46961
4769,46983
4770,46952
4770,46975
4770,46973
4768,46961
4769,46974
4772,46956
4772,46967
4771,46965
4771,46974
4770,46959
4773,46972
4770,46966
4771,46917
4770,46952
4772,46959
4771,46955
4771,46967
4769,46946
4770,46950
4770,46955
4771,46967
4770,46981
4768,46971
4769,46981
4770,46979
4771,46944
4771,46943
4771,46970
4772,46998
4771,46955
4769,46966
4769,46978
4771,46959
4770,46944
4770,46966
4769,46972
4771,46969
4771,46985
4770,46982
4771,46977
4767,46988
4771,46948
4769,46963
4770,46982
4771,46929
4768,46984
4770,46946
4769,46941
4770,46944
4769,46955
4768,46946
4768,46919
4764,46955
4769,46963
4768,46939
4766,46977
4765,46980
4763,46987
4770,46962
4768,46946
4767,46959
4767,46991
4768,46940
4772,46958
4770,47051
4770,46983
4770,46943
4772,46937
4770,46940
4770,46948
4771,46982
4771,46989
4768,46975
4767,46937
4771,46918
4771,46927
4769,46948
4765,46943
4770,46941
4769,46943
4772,46963
4770,46927
4769,46895
4770,46928
4771,46934
4770,46939
4771,46926
4769,46903
4770,46908
4769,46942
4770,46920
4771,47018
4770,46896
4771,46926
4771,46886
4771,46916
4771,46880
4772,46899
4771,46886
4770,46898
4768,46907
4767,46885
4770,46895
4771,46886
4770,46864
4770,46876
4770,46859
4772,46841
4769,46850
4770,46834
4770,46865
4770,46847
4770,46860
4771,46848
4769,46868
4770,46822
4771,46865
4772,46828
4767,46805
4771,46837
4771,46840
4769,46849
4770,46861
4771,46851
4770,46864
4770,46833
4772,46800
4770,46815
4765,46829
4769,46779
4769,46793
4772,46769
4771,46768
4771,46773
4767,46774
4768,46767
4769,46771
4769,46749
4769,46774
4770,46796
4769,46795
4771,46779
4767,46787
4772,46824
4768,46775
4770,46756
4770,46788
4767,46773
4770,46768
4770,46733
4770,46751
4770,46758
4767,46744
4767,46747
4769,46751
4770,46686
4768,46723
4770,46679
4770,46689
4771,46677
4770,46696
4769,46690
4769,46675
4764,46666
4765,46675
4766,46686
4762,46657
4760,46693
4762,46654
4766,46623
4764,46630
4766,46646
4765,46577
4768,46640
4763,46611
4764,46590
4766,46589
4765,46613
4767,46590
4768,46596
4767,46573
4767,46552
4767,46577
4767,46601
4766,46553
4768,46556
4764,46546
4766,46577
4764,46579
4767,46568
4768,46555
4766,46571
4760,46518
4765,46524
4762,46499
4764,46490
4765,46511
4766,46497
4760,46517
4763,46504
4762,46494
4763,46511
4765,46497
4763,46515
4760,46481
4764,46502
4765,46515
4760,46553
4758,46485
4763,46532
4762,46510
4758,46487
4760,46481
4755,46541
4755,46496
4762,46516
4757,46499
4758,46477
4758,46488
4755,46513
4760,46503
4756,46491
4758,46489
4760,46483
4760,46486
4758,46497
4760,46468
4757,46506
4757,46489
4755,46486
4753,46440
4753,46479
4759,46433
4759,46462
4752,46556
4754,46496
4754,46455
4752,46497
4752,46491
4749,46517
4753,46487
4752,46456
4754,46478
4753,46472
4750,46412
4753,46466
4747,46473
4751,46510
4747,46453
4746,46484
4749,46499
4751,46411
4749,46485
4752,46473
4748,46508
4751,46455
4747,46460
4749,46471
4744,46491
4743,46446
4747,46451
4743,46438
4742,46447
4743,46481
4748,46491
4750,46491
4747,46456
4746,46444
4748,46446
4746,46494
4742,46477
4747,46494
4743,46473
4741,46442
4741,46457
4745,46513
4744,46476
4740,46469
4739,46501
4740,46448
4740,46449
4739,46433
4739,46484
4746,46456
4744,46436
4743,46484
4742,46464
4743,46459
4744,46443
4743,46424
4739,46457
4744,46446
4744,46490
4739,46460
4739,46461
4742,46461
4736,46474
4737,46467
4740,46460
4732,46463
4732,46485
4732,46470
4732,46459
4733,46435
4733,46441
4731,46406
4730,46440
4731,46473
4729,46415
4731,46430
4732,46419
4731,46443
4729,46411
4730,46441
4731,46422
4727,46434
4730,46437
4731,46417
4729,46412
4730,46438
4728,46428
4728,46422
4730,46436
4730,46441
4728,46424
4727,46405
4727,46433
4726,46415
4725,46450
4726,46452
4727,46457
4727,46437
4724,46408
4726,46434
4725,46431
4726,46424
4732,46441
4728,46485
4722,46438
4723,46415
4722,46433
4722,46465
4725,46445
4729,46397
4725,46408
4729,46442
4728,46469
4725,46450
4727,46458
4725,46448
4722,46405
4725,46435
4723,46407
4726,46430
4720,46402
4719,46402
4720,46431
4719,46425
4720,46441
4719,46456
4718,46417
4718,46436
4720,46421
4720,46422
4718,46420
4716,46425
4718,46434
4718,46397
4718,46423
4715,46408
4718,46405
4715,46408
4715,46424
4716,46399
4716,46409
4719,46394
4715,46416
4714,46403
4714,46438
4716,46447
4716,46423
4712,46407
4714,46404
4715,46426
4713,46410
4714,46421
4714,46419
4714,46414
4715,46422
4719,46400
4720,46397
4713,46419
4716,46428
4720,46443
4714,46434
4717,46404
4713,46419
4714,46432
4716,46457
4716,46416
4712,46408
4715,46433
4712,46423
4709,46424
4713,46401
4712,46431
4709,46400
4714,46398
4714,46424
4714,46418
4715,46438
4711,46407
4715,46418
4708,46409
4713,46414
4713,46435
4708,46412
4707,46400
4705,46401
4708,46416
4707,46404
4706,46408
4711,46441
4713,46437
4709,46429
4714,46425
4706,46423
4708,46439
4709,46390
4710,46413
4705,46411
4708,46412
4710,46399
4712,46424
4714,46386
4709,46388
4707,46411
4703,46437
4703,46432
4704,46407
4702,46391
4702,46415
4701,46399
4706,46407
4703,46397
4702,46403
4703,46431
4701,46400
4700,46453
4701,46369
4703,46432
4704,46399
4701,46410
4702,46432
4700,46446
4700,46401
4699,46423
4699,46378
4699,46391
4704,46441
4698,46411
4707,46407
4704,46414
4704,46433
4701,46415
4703,46416
4705,46429
4705,46436
4700,46432
4697,46409
4699,46386
4705,46390
4703,46384
4705,46416
4700,46401
4703,46471
4702,46422
4700,46433
4704,46404
4697,46413
4697,46440
4699,46421
4702,46440
4705,46438
4701,46449
4700,46435
4700,46396
4703,46425
4697,46449
4701,46404
4698,46428
4699,46427
4697,46404
4699,46412
4700,46442
4697,46417
4698,46454
4696,46400
4695,46412
4698,46406
4700,46391
4700,46417
4700,46434
4698,46433
4701,46445
4698,46398
4702,46406
4703,46418
4701,46476
4701,46406
4702,46416
4702,46418
4701,46420
4701,46417
4697,46421
4702,46415
4699,46412
4699,46396
4696,46436
4695,46412
4699,46416
4688,46412
4692,46425
4691,46373
4690,46368
4693,46420
4691,46423
4691,46389
4692,46378
4691,46424
4690,46380
4690,46392
4691,46438
4687,46398
4688,46404
4689,46376
4689,46400
4687,46389
4692,46406
4690,46462
4690,46426
4688,46418
4689,46413
4691,46420
4687,46423
4691,46425
4686,46410
4688,46386
4687,46409
4692,46409
4687,46399
4686,46417
4690,46388
4690,46405
4691,46435
4693,46414
4690,46429
4690,46394
4688,46416
4688,46435
4689,46402
4688,46432
4687,46404
4685,46416
4687,46370
4687,46429
4684,46408
4685,46377
4685,46456
4687,46440
4684,46401
4687,46409
4690,46433
4687,46428
4686,46428
4690,46451
4687,46420
4683,46427
4687,46456
4686,46429
4690,46409
4684,46399
4686,46432
4687,46417
4685,46402
4685,46390
4685,46430
4684,46410
4685,46431
4682,46443
4689,46401
4687,46470
4685,46431
4688,46401
4684,46386
4684,46398
4683,46411
4685,46442
4682,46434
4687,46430
4683,46403
4682,46425
4682,46427
4682,46455
4684,46410
4681,46424
4684,46429
4681,46424
4684,46426
4684,46400
4684,46414
4682,46411
4684,46429
4682,46458
4682,46424
4681,46414
4683,46432
4684,46408
4682,46435
4683,46410
4686,46444
4683,46431
4688,46430
4686,46391
4683,46413
4684,46442
4681,46431
4684,46409
4682,46394
4682,46401
4682,46418
4680,46419
4679,46409
4681,46392
4682,46436
4688,46444
4684,46440
4684,46454
4683,46402
4680,46435
4681,46441
4679,46414
4681,46437
4680,46412
4680,46384
4681,46436
4680,46412
4680,46410
4681,46422
4680,46406
4679,46453
4684,46414
4684,46442
4679,46419
4682,46428
4685,46387
4680,46408
4684,46438
4682,46436
4680,46415
4679,46403
4680,46408
4678,46434
4680,46418
4679,46453
4684,46411
4682,46424
4679,46426
4682,46406
4685,46431
4680,46428
4678,46447
4679,46422
4678,46454
4679,46453
4681,46477
4684,46398
4679,46432
4679,46446
4681,46450
4678,46420
4677,46408
4677,46433
4678,46433
4680,46451
4679,46388
4680,46408
4682,46407
4680,46443
4677,46432
4679,46456
4678,46405
4681,46429
4679,46402
4678,46432
4678,46410
4680,46430
4680,46422
4680,46435
4677,46447
4678,46437
4677,46424
4679,46428
4680,46442
4683,46386
4679,46429
4677,46440
4678,46403
4679,46446
4678,46412
4680,46454
4679,46450
4678,46441
4679,46445
4679,46435
4678,46426
4677,46424
4677,46434
4678,46412
4677,46425
4678,46423
4676,46449
4678,46437
4677,46471
4677,46424
4678,46451
4680,46483
4680,46421
4679,46425
4677,46415
4680,46397
4676,46476
4680,46441
4677,46457
4677,46425
4680,46476
4676,46457
4676,46460
4680,46434
4678,46424
4683,46459
4679,46426
4678,46403
4678,46431
4676,46415
4678,46422
4678,46445
4679,46440
4678,46433
4676,46443
4676,46415
4677,46437
4677,46455
4675,46455
4676,46428
4676,46436
4675,46417
4678,46449
4677,46452
4678,46464
4677,46401
4680,46409
4681,46419
4679,46424
4679,46423
4676,46440
4676,46421
4678,46470
4681,46468
4677,46444
4678,46435
4673,46442
4675,46425
4675,46441
4678,46445
4679,46441
4680,46460
4678,46450
4680,46443
4676,46457
4676,46439
4675,46430
4679,46440
4676,46409
4678,46447
4677,46482
4676,46471
4676,46450
4677,46443
4678,46445
4676,46459
4675,46448
4676,46445
4676,46456
4677,46449
4678,46444
4677,46434
4676,46469
4678,46439
4676,46434
4680,46453
4676,46418
4682,46477
4681,46442
4674,46443
4677,46447
4675,46446
4677,46431
4677,46458
4678,46443
4679,46444
4683,46451
4682,46444
4683,46465
4685,46413
4677,46414
4677,46419
4678,46456
4678,46438
4679,46443
4681,46483
4684,46479
4682,46448
4683,46438
4676,46431
4683,46438
4680,46418
4679,46474
4675,46460
4677,46469
4678,46420
4676,46419
4680,46475
4680,46450
4681,46432
4683,46433
4679,46460
4675,46443
4682,46418
4678,46439
4676,46437
4674,46431
4676,46472
4679,46443
4676,46476
4678,46450
4676,46455
4676,46475
4675,46425
4679,46454
4677,46465
4674,46441
4676,46457
4676,46464
4676,46423
4677,46475
4677,46471
4675,46407
4677,46451
4677,46459
4675,46445
4676,46434
4675,46442
4675,46444
4674,46434
4676,46462
4679,46430
4674,46444
4677,46439
4675,46491
4677,46438
4677,46446
4675,46454
4674,46475
4675,46443
4676,46445
4675,46449
4675,46457
4675,46439
4675,46447
4678,46443
4678,46490
4676,46445
4676,46446
4675,46457
4676,46461
4676,46440
4677,46466
4677,46431
4676,46423
4678,46466
4675,46464
4677,46460
4678,46452
4678,46446
4676,46468
4675,46440
4675,46465
4675,46467
4674,46446
4676,46457
4673,46463
4674,46443
4676,46463
4674,46452
4676,46474
4674,46423
4674,46454
4676,46463
4677,46435
4676,46443
4675,46446
4675,46462
4675,46468
4678,46443
4675,46434
4680,46471
4679,46425
4677,46440
4674,46447
4676,46448
4675,46447
4681,46458
4676,46456
4674,46448
4675,46427
4680,46449
4675,46487
4678,46473
4676,46446
4674,46459
4676,46461
4680,46481
4676,46448
4677,46478
4675,46449
4674,46487
4674,46432
4676,46474
4675,46463
4680,46450
4676,46430
4679,46454
4682,46462
4677,46489
4677,46461
4674,46467
4675,46469
4677,46468
4675,46439
4674,46533
4676,46475
4678,46460
4676,46452
4678,46462
4674,46457
4678,46476
4675,46474
4676,46489
4682,46454
4681,46500
4680,46468
4676,46466
4676,46495
4677,46520
4676,46453
4673,46437
4674,46462
4675,46445
4676,46473
4677,46459
4676,46485
4675,46465
4674,46507
4675,46464
4675,46490
4676,46466
4676,46443
4678,46518
4675,46455
4675,46480
4676,46493
4677,46489
4675,46473
4675,46474
4676,46502
4676,46488
4675,46471
4674,46496
4676,46459
4675,46485
4675,46497
4673,46504
4675,46531
4677,46500
4674,46484
4676,46487
4673,46508
4676,46527
4676,46503
4674,46501
4675,46529
4676,46525
4674,46553
4676,46532
4676,46526
4675,46544
4675,46533
4675,46503
4676,46559
4674,46528
4676,46557
4674,46530
4675,46553
4677,46530
4677,46572
4677,46547
4679,46590
4679,46546
4677,46528
4675,46543
4676,46566
4676,46556
4674,46540
4675,46583
4675,46603
4675,46576
4676,46574
4676,46554
4675,46574
4675,46587
4675,46591
4674,46566
4677,46582
4677,46588
4675,46582
4674,46589
4675,46619
4675,46594
4677,46550
4676,46608
4678,46596
4674,46581
4676,46592
4675,46613
4675,46596
4678,46611
4674,46635
4674,46597
4677,46633
4673,46620
4677,46604
4674,46608
4673,46631
4673,46627
4677,46645
4675,46649
4677,46639
4675,46622
4676,46633
4674,46608
4677,46656
4675,46617
4676,46633
4675,46624
4674,46663
4677,46624
4673,46645
4676,46659
4676,46648
4673,46644
4675,46640
4676,46645
4675,46680
4675,46643
4673,46629
4673,46649
4679,46666
4674,46621
4675,46662
4673,46658
4674,46645
4676,46666
4674,46655
4675,46687
4674,46656
4674,46639
4673,46693
4677,46713
4674,46670
4673,46656
4674,46652
4676,46671
4675,46648
4673,46667
4673,46679
4675,46657
4674,46668
4674,46673
4672,46681
4676,46684
4671,46735
4673,46680
4675,46685
4674,46674
4676,46680
4672,46669
4675,46699
4671,46693
4673,46681
4673,46696
4672,46694
4674,46714
4672,46705
4677,46695
4675,46733
4677,46681
4673,46678
4673,46708
4676,46656
4673,46686
4672,46711
4672,46694
4672,46690
4674,46721
4670,46708
4675,46707
4671,46722
4672,46720
4672,46713
4675,46713
4673,46702
4671,46711
4672,46734
4672,46715
4672,46720
4671,46708
4670,46753
4670,46750
4670,46743
4671,46754
4674,46725
4674,46721
4672,46767
4674,46723
4672,46742
4671,46698
4670,46720
4671,46742
4668,46700
4670,46747
4671,46730
4671,46714
4673,46726
4670,46747
4670,46742
4670,46736
4672,46766
4668,46735
4670,46716
4669,46703
4670,46731
4670,46739
4669,46730
4671,46778
4668,46743
4671,46749
4670,46753
4673,46744
4669,46747
4669,46767
4670,46740
4671,46765
4671,46747
4672,46715
4670,46718
4670,46794
4669,46763
4669,46766
4668,46794
4670,46757
4667,46757
4671,46781
4667,46722
4667,46779
4669,46776
4668,46782
4668,46787
4669,46783
4671,46764
4670,46779
4668,46765
4667,46758
4668,46803
4666,46803
4668,46794
4668,46779
4668,46777
4669,46783
4667,46796
4666,46780
4667,46797
4666,46814
4667,46778
4667,46811
4667,46805
4668,46760
4669,46807
4667,46787
4667,46760
4668,46770
4671,46769
4672,46819
4669,46810
4670,46822
4670,46773
4668,46803
4669,46765
4669,46846
4670,46796
4666,46811
4668,46793
4667,46811
4669,46806
4671,46783
4671,46817
4673,46789
4671,46791
4668,46814
4669,46795
4666,46783
4668,46818
4665,46769
4667,46776
4665,46833
4663,46784
4664,46825
4664,46805
4665,46768
4666,46822
4666,46818
4667,46819
4663,46809
4664,46817
4663,46792
4663,46821
4666,46814
4667,46838
4664,46822
4668,46809
4666,46812
4667,46796
4667,46771
4663,46807
4666,46835
4662,46810
4664,46814
4662,46789
4663,46827
4662,46817
4664,46803
4663,46831
4662,46802
4660,46828
4667,46802
4665,46819
4667,46842
4666,46809
4665,46802
4665,46799
4666,46876
4666,46813
4664,46828
4663,46816
4661,46762
4661,46805
4659,46811
4659,46824
4662,46810
4663,46805
4660,46801
4663,46825
4664,46838
4664,46837
4662,46806
4663,46800
4661,46826
4663,46821
4662,46810
4659,46807
4661,46809
4662,46818
4662,46812
4663,46812
4660,46836
4661,46789
4662,46823
4661,46836
4659,46859
4658,46793
4658,46812
4658,46827
4660,46827
4659,46803
4658,46810
4660,46774
4659,46793
4657,46845
4660,46794
4658,46812
4657,46829
4657,46781
4657,46814
4659,46829
4659,46830
4656,46830
4654,46817
4658,46832
4656,46786
4657,46819
4656,46840
4652,46815
4657,46819
4653,46798
4653,46819
4656,46816
4653,46782
4651,46808
4653,46809
4653,46802
4652,46802
4653,46804
4650,46796
4652,46814
4653,46786
4654,46814
4652,46780
4651,46809
4653,46814
4654,46830
4653,46788
4652,46807
4652,46791
4651,46809
4650,46761
4652,46804
4650,46754
4652,46784
4651,46800
4651,46804
4650,46808
4649,46768
4650,46793
4651,46813
4648,46818
4648,46812
4647,46804
4647,46815
4647,46794
4648,46783
4648,46798
4648,46809
4648,46776
4646,46782
4645,46821
4643,46786
4644,46802
4646,46800
4648,46801
4645,46817
4645,46786
4645,46788
4641,46798
4645,46790
4643,46778
4644,46794
4646,46835
4641,46778
4641,46823
4643,46796
4643,46797
4643,46784
4641,46776
4643,46797
4641,46821
4643,46748
4640,46787
4640,46794
4641,46789
4638,46804
4641,46791
4641,46821
4641,46816
4641,46782
4638,46787
4640,46766
4639,46825
4640,46809
4639,46786
4639,46780
4636,46814
4634,46775
4638,46797
4640,46789
4637,46790
4638,46791
4637,46805
4637,46820
4637,46823
4638,46807
4637,46796
4637,46813
4636,46801
4634,46768
4636,46782
4636,46807
4636,46770
4635,46787
4636,46783
4634,46744
4636,46780
4632,46803
4634,46782
4632,46780
4632,46814
4633,46780
4632,46739
4632,46752
4631,46790
4633,46771
4631,46776
4632,46797
4630,46794
4630,46789
4629,46755
4629,46799
4628,46786
4629,46774
4628,46804
4629,46755
4629,46790
4628,46788
4628,46772
4628,46809
4627,46846
4628,46813
4627,46806
4626,46766
4625,46825
4626,46823
4624,46809
4626,46797
4626,46775
4625,46790
4624,46792
4626,46809
4625,46784
4625,46830
4626,46801
4623,46789
4623,46788
4624,46768
4622,46778
4623,46798
4624,46780
4623,46826
4622,46773
4621,46750
4620,46788
4620,46777
4622,46782
4618,46786
4621,46783
4621,46787
4618,46808
4620,46766
4620,46772
4620,46795
4619,46789
4619,46764
4618,46793
4617,46771
4618,46757
4618,46729
4619,46764
4618,46766
4616,46753
4616,46748
4616,46758
4617,46744
4616,46779
4615,46739
4615,46761
4613,46747
4613,46795
4614,46737
4614,46744
4615,46789
4612,46763
4613,46763
4611,46749
4611,46765
4613,46738
4610,46764
4609,46750
4609,46742
4608,46761
4610,46756
4610,46736
4610,46745
4610,46732
4609,46782
4609,46741
4609,46750
4609,46766
4608,46756
4608,46776
4608,46777
4608,46740
4607,46737
4606,46732
4607,46806
4607,46756
4606,46741
4607,46729
4605,46732
4605,46774
4605,46763
4605,46720
4604,46756
4605,46776
4604,46733
4605,46723
4603,46752
4603,46764
4602,46744
4602,46715
4602,46716
4601,46741
4601,46752
4601,46740
4600,46746
4601,46718
4601,46731
4602,46762
4600,46745
4599,46730
4599,46770
4597,46754
4598,46735
4597,46775
4596,46774
4596,46719
4597,46726
4596,46720
4597,46704
4596,46746
4595,46733
4595,46774
4595,46751
4594,46743
4594,46753
4594,46783
4593,46750
4596,46778
4596,46714
4594,46741
4592,46762
4593,46747
4594,46758
4594,46728
4592,46729
4592,46748
4591,46740
4592,46762
4591,46757
4592,46789
4591,46734
4591,46757
4590,46777
4591,46764
4591,46761
4590,46766
4591,46722
4590,46759
4590,46791
4590,46749
4589,46739
4588,46717
4588,46764
4588,46752
4589,46775
4588,46762
4587,46743
4588,46739
4586,46739
4588,46707
4587,46774
4586,46755
4587,46756
4586,46746
4586,46707
4586,46746
4585,46752
4585,46757
4584,46753
4586,46759
4584,46748
4583,46734
4584,46762
4583,46766
4583,46745
4585,46772
4583,46764
4584,46730
4584,46717
4582,46719
4582,46727
4583,46702
4581,46779
4580,46711
4581,46756
4579,46753
4580,46742
4580,46750
4579,46757
4578,46726
4578,46758
4579,46775
4579,46739
4579,46749
4578,46763
4577,46755
4578,46749
4577,46758
4577,46761
4577,46746
4577,46763
4577,46771
4577,46738
4576,46734
4579,46729
4577,46759
4576,46765
4577,46760
4577,46778
4576,46745
4576,46750
4575,46740
4576,46759
4575,46765
4575,46750
4576,46760
4575,46740
4576,46738
4575,46770
4575,46767
4574,46765
4575,46764
4575,46735
4574,46740
4576,46760
4574,46754
4575,46759
4574,46729
4575,46723
4574,46743
4574,46750
4574,46788
4573,46748
4574,46783
4576,46754
4574,46746
4574,46749
4574,46725
4573,46755
4573,46751
4573,46753
4573,46750
4572,46741
4572,46761
4571,46765
4572,46785
4572,46751
4571,46759
4572,46787
4571,46779
4570,46745
4570,46745
4572,46775
4570,46741
4570,46765
4569,46779
4568,46742
4570,46759
4569,46748
4568,46785
4569,46755
4568,46737
4568,46760
4569,46736
4568,46757
4567,46757
4567,46749
4567,46772
4567,46767
4567,46765
4568,46767
4567,46735
4566,46776
4566,46777
4566,46821
4564,46752
4565,46753
4565,46750
4565,46776
4565,46732
4565,46759
4565,46768
4563,46759
4564,46799
4565,46756
4564,46753
4564,46765
4565,46757
4564,46754
4563,46774
4564,46782
4563,46774
4564,46794
4563,46788
4564,46783
4564,46765
4562,46784
4562,46752
4563,46809
4562,46798
4563,46763
4563,46757
4562,46761
4561,46741
4562,46781
4562,46765
4561,46782
4561,46777
4562,46770
4561,46774
4561,46739
4562,46743
4562,46779
4565,46747
4561,46781
4561,46784
4560,46787
4561,46760
4561,46770
4561,46764
4560,46793
4560,46780
4560,46770
4561,46769
4560,46792
4561,46751
4562,46784
4561,46780
4562,46779
4561,46755
4562,46765
4560,46796
4561,46790
4560,46806
4559,46786
4560,46785
4560,46802
4560,46820
4561,46753
4561,46771
4560,46803
4560,46777
4560,46790
4559,46762
4559,46763
4560,46790
4560,46762
4559,46797
4560,46806
4559,46749
4559,46779
4559,46788
4559,46780
4559,46773
4560,46757
4559,46751
4560,46780
4559,46779
4559,46784
4559,46817
4558,46794
4558,46776
4560,46811
4559,46787
4560,46761
4558,46764
4559,46799
4559,46757
4560,46790
4559,46743
4558,46779
4559,46783
4558,46773
4558,46775
4559,46735
4557,46813
4557,46769
4558,46770
4558,46811
4560,46787
4559,46812
4559,46781
4558,46791
4557,46780
4557,46790
4558,46776
4558,46777
4557,46798
4558,46785
4557,46758
4558,46783
4558,46833
4558,46756
4557,46776
4557,46799
4558,46766
4558,46776
4557,46795
4557,46775
4558,46780
4557,46810
4556,46805
4556,46769
4556,46783
4557,46799
4557,46774
4557,46762
4557,46832
4556,46792
4556,46801
4556,46795
4556,46839
4557,46794
4557,46786
4556,46800
4556,46806
4556,46801
4556,46808
4556,46784
4556,46797
4556,46826
4555,46820
4556,46818
4556,46797
4555,46767
4556,46790
4555,46788
4555,46791
4555,46773
4555,46759
4555,46792
4555,46811
4556,46824
4554,46824
4555,46812
4555,46815
4557,46782
4554,46832
4555,46783
4555,46826
4555,46808
4555,46796
4554,46813
4556,46797
4556,46816
4555,46800
4555,46806
4554,46786
4555,46801
4554,46831
4555,46802
4555,46775
4554,46783
4554,46803
4555,46788
4555,46818
4555,46791
4555,46804
4555,46753
4554,46808
4555,46783
4555,46813
4555,46789
4555,46803
4556,46804
4554,46839
4556,46802
4554,46808
4554,46784
4554,46814
4553,46820
4554,46830
4554,46821
4554,46827
4554,46796
4555,46803
4554,46819
4553,46824
4553,46817
4553,46806
4554,46821
4555,46790
4554,46794
4554,46793
4555,46857
4553,46798
4555,46872
4556,46789
4557,46791
4553,46802
4554,46798
4554,46792
4553,46798
4553,46819
4559,46823
4556,46814
4556,46841
4555,46823
4554,46815
4554,46791
4554,46818
4555,46823
4553,46767
4553,46856
4553,46855
4555,46817
4555,46834
4554,46818
4553,46836
4553,46794
4557,46814
4553,46792
4554,46813
4556,46834
4552,46837
4555,46838
4554,46829
4554,46807
4555,46858
4553,46843
4552,46788
4555,46834
4552,46826
4552,46822
4552,46814
4552,46809
4553,46774
4553,46858
4553,46808
4552,46839
4553,46809
4552,46790
4552,46814
4552,46790
4551,46795
4551,46797
4551,46854
4551,46810
4552,46810
4552,46865
4552,46801
4552,46805
4552,46775
4554,46832
4552,46865
4552,46821
4554,46814
4553,46828
4552,46836
4553,46798
4551,46828
4553,46830
4553,46815
4554,46851
4551,46815
4553,46826
4553,46820
4553,46850
4552,46839
4553,46817
4552,46815
4557,46831
4559,46821
4556,46838
4559,46811
4556,46829
4558,46831
4553,46799
4552,46845
4554,46816
4553,46820
4552,46786
4554,46832
4552,46827
4552,46829
4552,46827
4552,46823
4551,46781
4553,46826
4553,46803
4551,46849
4553,46818
4552,46822
4552,46834
4552,46851
4553,46827
4553,46851
4552,46842
4552,46832
4552,46867
4552,46844
4550,46799
4552,46834
4550,46863
4552,46823
4555,46840
4550,46810
4552,46794
4555,46814
4553,46809
4558,46813
4560,46867
4553,46858
4552,46846
4551,46853
4554,46843
4554,46822
4558,46833
4554,46825
4557,46847
4552,46850
4552,46847
4552,46826
4552,46825
4550,46855
4551,46831
4551,46879
4552,46838
4551,46911
4551,46865
4550,46880
4551,46851
4553,46859
4551,46818
4551,46844
4551,46841
4552,46870
4550,46851
4551,46865
4552,46836
4551,46849
4552,46861
4552,46880
4551,46830
4551,46850
4551,46854
4551,46843
4551,46836
4551,46831
4551,46824
4551,46881
4551,46831
4550,46826
4551,46847
4551,46818
4551,46838
4551,46823
4551,46790
4549,46838
4551,46811
4551,46795
4550,46788
4551,46789
4551,46808
4551,46776
4550,46812
4550,46800
4550,46812
4551,46821
4550,46824
4550,46808
4552,46824
4550,46815
4551,46805
4551,46832
4552,46808
4550,46813
4550,46809
4551,46787
4550,46823
4551,46784
4551,46783
4550,46784
4550,46808
4551,46775
4552,46800
4551,46832
4551,46760
4553,46771
4552,46805
4552,46793
4552,46795
4551,46807
4553,46755
4552,46772
4551,46760
4551,46738
4552,46753
4550,46765
4551,46754
4551,46750
4552,46738
4552,46779
4552,46750
4551,46780
4552,46754
4552,46764
4553,46801
4552,46772
4553,46787
4551,46763
4552,46745
4553,46757
4553,46766
4552,46763
4551,46733
4552,46753
4552,46751
4551,46781
4554,46746
4552,46731
4552,46788
4552,46744
4552,46730
4553,46770
4553,46727
4552,46744
4552,46689
4554,46726
4554,46712
4553,46710
4554,46742
4553,46754
4552,46768
4554,46738
4553,46721
4554,46714
4554,46733
4553,46709
4553,46746
4554,46763
4553,46765
4555,46719
4553,46710
4554,46758
4554,46721
4553,46692
4556,46724
4555,46687
4555,46751
4554,46717
4554,46711
4555,46725
4555,46715
4555,46733
4556,46724
4555,46695
4555,46709
4555,46713
4556,46698
4555,46696
4556,46721
4554,46671
4555,46693
4555,46674
4555,46667
4556,46697
4556,46677
4556,46694
4555,46700
4556,46655
4556,46700
4557,46692
4555,46708
4556,46699
4556,46726
4557,46714
4557,46687
4556,46694
4557,46709
4557,46674
4556,46686
4558,46696
4557,46721
4557,46711
4558,46701
4558,46712
4557,46641
4557,46697
4558,46661
4558,46654
4558,46677
4558,46670
4558,46672
4559,46675
4559,46690
4559,46702
4557,46666
4558,46672
4559,46686
4559,46668
4558,46687
4559,46646
4558,46655
4559,46644
4559,46666
4559,46612
4560,46615
4559,46648
4560,46676
4560,46653
4560,46659
4559,46630
4559,46736
4560,46645
4560,46668
4560,46643
4559,46663
4559,46653
4560,46676
4560,46663
4559,46652
4559,46688
4560,46639
4560,46642
4561,46645
4560,46646
4560,46657
4561,46635
4560,46661
4560,46661
4560,46621
4560,46617
4560,46642
4560,46665
4561,46670
4561,46644
4561,46633
4562,46636
4561,46644
4561,46590
4561,46622
4562,46618
4562,46604
4562,46621
4562,46605
4562,46587
4562,46610
4563,46603
4562,46603
4563,46627
4564,46618
4564,46654
4563,46636
4565,46609
4563,46648
4563,46642
4564,46616
4564,46587
4564,46606
4564,46598
4564,46626
4565,46606
4566,46628
4565,46598
4566,46622
4566,46587
4566,46544
4567,46575
4567,46583
4566,46588
4567,46611
4568,46581
4569,46599
4568,46589
4569,46566
4568,46575
4569,46568
4569,46577
4569,46574
4569,46570
4569,46545
4569,46572
4569,46605
4569,46575
4570,46579
4571,46551
4570,46588
4571,46574
4572,46596
4572,46587
4572,46578
4571,46571
4572,46594
4573,46612
4573,46619
4572,46584
4572,46588
4573,46608
4573,46597
4574,46571
4572,46551
4574,46571
4573,46604
4574,46570
4574,46616
4574,46622
4575,46560
4575,46565
4575,46579
4575,46585
4574,46602
4575,46597
4575,46573
4575,46618
4576,46586
4575,46580
4575,46591
4575,46546
4576,46603
4576,46573
4576,46592
4578,46597
4576,46609
4576,46662
4578,46610
4579,46580
4579,46565
4577,46603
4577,46584
4577,46579
4578,46596
4579,46624
4578,46611
4579,46610
4579,46579
4579,46609
4578,46600
4579,46614
4580,46585
4579,46618
4581,46578
4580,46589
4581,46598
4581,46597
4582,46609
4580,46616
4582,46605
4583,46585
4582,46613
4584,46631
4585,46654
4584,46616
4584,46622
4584,46587
4584,46604
4585,46605
4585,46622
4587,46637
4586,46606
4586,46628
4587,46638
4588,46635
4586,46629
4589,46619
4588,46631
4588,46637
4589,46627
4590,46645
4590,46625
4589,46622
4590,46603
4590,46651
4587,46641
4590,46654
4591,46620
4590,46652
4590,46639
4591,46633
4591,46622
4591,46643
4591,46658
4594,46632
4591,46632
4592,46635
4592,46661
4593,46612
4591,46640
4593,46644
4593,46639
4593,46633
4593,46625
4595,46650
4596,46630
4594,46646
4596,46637
4594,46646
4595,46632
4595,46658
4597,46646
4596,46662
4595,46660
4599,46658
4597,46640
4596,46635
4597,46662
4599,46650
4597,46662
4597,46653
4597,46656
4599,46669
4599,46690
4600,46662
4601,46646
4600,46661
4600,46651
4601,46677
4602,46640
4601,46650
4601,46683
4601,46668
4602,46650
4603,46671
4602,46665
4603,46670
4603,46668
4604,46660
4603,46689
4604,46681
4605,46648
4605,46714
4605,46671
4606,46679
4605,46670
4606,46656
4606,46679
4607,46655
4605,46645
4607,46694
4607,46675
4607,46643
4607,46689
4607,46683
4609,46696
4607,46679
4608,46676
4609,46691
4609,46678
4608,46656
4609,46678
4609,46708
4610,46717
4610,46671
4611,46653
4611,46683
4610,46689
4612,46683
4611,46677
4613,46695
4612,46669
4611,46688
4613,46700
4613,46703
4614,46662
4616,46668
4615,46703
4613,46666
4612,46673
4613,46677
4613,46685
4616,46696
4616,46689
4615,46670
4617,46685
4616,46706
4616,46692
4618,46675
4616,46695
4619,46688
4617,46698
4619,46669
4620,46682
4618,46705
4619,46681
4620,46690
4621,46679
4621,46702
4621,46693
4620,46691
4621,46691
4620,46691
4621,46705
4622,46688
4621,46685
4621,46689
4621,46711
4623,46712
4624,46685
4623,46691
4623,46688
4622,46661
4623,46692
4623,46698
4624,46702
4623,46684
4625,46689
4625,46718
4623,46693
4624,46713
4625,46676
4625,46720
4624,46698
4625,46729
4626,46702
4626,46715
4628,46702
4628,46700
4626,46679
4627,46703
4629,46741
4626,46682
4630,46706
4629,46671
4629,46727
4627,46684
4627,46700
4628,46666
4630,46723
4630,46667
4630,46728
4629,46706
4630,46726
4631,46723
4631,46727
4631,46707
4631,46706
4633,46709
4632,46727
4633,46720
4631,46675
4634,46704
4632,46694
4632,46728
4631,46736
4634,46684
4634,46707
4634,46726
4630,46699
4631,46704
4628,46702
4634,46704
4635,46655
4635,46700
4636,46704
4635,46724
4635,46691
4637,46681
4635,46727
4636,46700
4637,46711
4638,46694
4638,46719
4638,46710
4638,46679
4640,46702
4639,46692
4639,46735
4639,46684
4639,46684
4638,46732
4639,46682
4638,46700
4638,46689
4636,46703
4636,46698
4635,46723
4638,46718
4640,46734
4641,46721
4640,46727
4639,46719
4643,46743
4641,46725
4641,46680
4642,46693
4643,46737
4642,46725
4643,46726
4642,46679
4641,46704
4643,46721
4644,46694
4642,46701
4643,46715
4644,46703
4644,46715
4643,46717
4644,46720
4646,46675
4645,46704
4643,46728
4645,46701
4646,46758
4646,46726
4646,46715
4643,46743
4645,46715
4647,46714
4646,46694
4644,46747
4646,46721
4647,46733
4645,46731
4647,46721
4648,46716
4647,46713
4642,46714
4649,46704
4647,46684
4648,46718
4648,46723
4647,46712
4648,46706
4650,46706
4649,46727
4650,46743
4648,46740
4649,46709
4650,46737
4649,46728
4647,46722
4650,46698
4651,46723
4650,46709
4646,46722
4651,46755
4652,46727
4651,46741
4651,46717
4648,46723
4650,46695
4651,46751
4649,46719
4649,46717
4650,46719
4653,46723
4651,46683
4646,46715
4651,46741
4652,46737
4653,46702
4650,46680
4646,46692
4650,46720
4654,46725
4648,46735
4648,46694
4652,46762
4651,46725
4652,46705
4654,46738
4655,46729
4655,46734
4654,46687
4654,46711
4654,46697
4656,46730
4655,46738
4655,46670
4656,46715
4653,46720
4654,46716
4655,46704
4653,46716
4656,46698
4657,46727
4657,46750
4657,46709
4656,46713
4658,46745
4656,46716
4655,46751
4656,46698
4657,46735
4657,46768
4657,46699
4659,46718
4657,46694
4658,46724
4658,46705
4656,46705
4659,46732
4657,46740
4658,46707
4658,46746
4659,46718
4659,46703
4658,46734
4657,46738
4658,46747
4659,46713
4660,46722
4661,46689
4660,46713
4661,46751
4659,46711
4655,46728
4654,46700
4657,46695
4659,46711
4659,46732
4658,46728
4659,46704
4655,46717
4654,46731
4659,46729
4657,46706
4662,46720
4662,46721
4661,46728
4661,46738
4660,46721
4662,46747
4662,46725
4660,46708
4662,46705
4663,46711
4663,46756
4662,46707
4663,46714
4661,46719
4657,46697
4661,46712
4656,46726
4660,46662
4662,46739
4662,46750
4661,46716
4663,46737
4665,46740
4663,46729
4662,46726
4661,46721
4661,46704
4662,46747
4661,46728
4664,46693
4663,46688
4662,46704
4666,46732
4665,46715
4666,46714
4662,46708
4663,46725
4664,46691
4662,46684
4662,46729
4662,46716
4665,46688
4663,46716
4664,46719
4665,46722
4664,46697
4666,46703
4666,46710
4666,46712
4663,46728
4660,46722
4664,46723
4662,46740
4666,46713
4668,46748
4668,46745
4668,46717
4659,46724
4662,46749
4664,46727
4661,46731
4666,46704
4663,46730
4665,46717
4661,46694
4666,46707
4661,46700
4668,46731
4668,46708
4667,46704
4663,46721
4665,46726
4668,46718
4664,46721
4659,46747
4661,46726
4661,46701
4667,46712
4667,46716
4663,46715
4667,46705
4666,46721
4668,46750
4669,46706
4663,46692
4663,46735
4661,46744
4665,46709
4663,46706
4662,46727
4665,46707
4663,46694
4668,46725
4667,46735
4667,46721
4664,46705
4668,46703
4665,46682
4665,46739
4664,46757
4666,46739
4664,46699
4665,46712
4663,46736
4665,46704
4664,46744
4664,46751
4667,46697
4666,46698
4666,46712
4667,46706
4668,46704
4667,46723
4664,46742
4667,46731
4663,46740
4665,46685
4667,46729
4666,46727
4667,46693
4664,46711
4672,46754
4668,46725
4668,46717
4668,46686
4666,46741
4665,46706
4665,46728
4669,46722
4666,46748
4671,46724
4672,46719
4669,46727
4666,46725
4669,46698
4671,46726
4667,46714
4665,46722
4666,46689
4671,46713
4670,46714
4671,46729
4671,46712
4672,46705
4668,46701
4674,46720
4669,46723
4669,46713
4670,46722
4669,46705
4668,46729
4670,46725
4673,46706
4666,46722
4672,46727
4672,46691
4669,46725
4672,46711
4673,46710
4671,46734
4671,46745
4668,46729
4668,46709
4669,46671
4673,46710
4668,46701
4670,46685
4669,46739
4671,46720
4671,46721
4668,46718
4672,46718
4670,46719
4668,46749
4673,46741
4675,46707
4670,46733
4673,46708
4672,46686
4671,46725
4670,46698
4672,46732
4669,46747
4672,46726
4671,46730
4670,46741
4671,46696
4671,46709
4669,46710
4669,46716
4671,46734
4671,46691
4671,46724
4670,46745
4672,46715
4671,46719
4672,46692
4671,46742
4670,46753
4671,46723
4670,46715
4672,46705
4676,46724
4672,46685
4672,46723
4673,46690
4677,46691
4677,46735
4671,46727
4677,46716
4675,46712
4674,46723
4674,46734
4677,46725
4679,46721
4679,46709
4676,46695
4679,46735
4678,46705
4677,46725
4675,46681
4680,46737
4678,46702
4674,46705
4672,46718
4674,46703
4675,46718
4675,46669
4673,46717
4674,46729
4677,46720
4674,46719
4674,46711
4675,46724
4673,46689
4674,46714
4675,46742
4677,46738
4671,46744
4676,46683
4678,46727
4679,46746
4678,46742
4677,46677
4680,46723
4679,46751
4680,46685
4679,46722
4679,46687
4678,46709
4681,46690
4680,46686
4679,46709
4677,46715
4679,46738
4681,46698
4681,46720
4680,46732
4680,46689
4678,46695
4681,46706
4680,46690
4680,46715
4678,46710
4680,46689
4679,46673
4678,46721
4682,46734
4680,46748
4681,46680
4682,46701
4682,46740
4679,46717
4681,46706
4682,46741
4680,46702
4680,46722
4681,46722
4680,46720
4681,46691
4676,46724
4676,46722
4681,46732
4674,46693
4680,46725
4678,46754
4681,46700
4684,46726
4678,46690
4681,46752
4677,46725
4678,46703
4682,46725
4680,46746
4682,46731
4679,46677
4681,46701
4679,46686
4681,46698
4683,46703
4679,46686
4682,46702
4678,46687
4675,46732
4678,46689
4681,46747
4683,46743
4678,46709
4679,46700
4680,46693
4679,46716
4679,46705
4680,46704
4681,46723
4681,46690
4683,46725
4684,46719
4685,46699
4684,46717
4682,46727
4683,46706
4682,46727
4681,46687
4682,46736
4678,46719
4681,46724
4679,46714
4683,46748
4680,46746
4684,46657
4679,46719
4679,46697
4679,46717
4677,46682
4681,46724
4681,46762
4684,46741
4678,46741
4681,46711
4676,46731
4681,46706
4676,46706
4678,46701
4680,46684
4682,46711
4679,46710
4681,46737
4679,46723
4676,46728
4679,46740
4679,46724
4678,46681
4681,46735
4678,46697
4681,46730
4678,46712
4680,46736
4679,46723
4679,46720
4678,46737
4677,46737
4681,46706
4680,46753
4681,46752
4679,46734
4678,46740
4678,46719
4678,46727
4678,46721
4679,46721
4684,46711
4678,46764
4683,46772
4681,46773
4681,46738
4684,46734
4679,46737
4679,46734
4683,46719
4684,46711
4682,46719
4682,46748
4680,46759
4683,46750
4678,46749
4682,46770
4678,46751
4679,46768
4679,46789
4678,46765
4680,46716
4679,46721
4679,46751
4679,46775
4680,46752
4678,46767
4679,46755
4682,46768
4681,46772
4679,46755
4682,46772
4680,46731
4683,46767
4683,46730
4682,46728
4685,46773
4680,46768
4682,46753
4678,46806
4680,46756
4681,46742
4679,46787
4680,46731
4681,46751
4679,46745
4679,46753
4681,46808
4680,46802
4679,46743
4680,46728
4682,46777
4680,46749
4681,46777
4677,46739
4676,46761
4678,46812
4680,46769
4679,46768
4678,46778
4678,46770
4679,46780
4678,46777
4678,46792
4680,46779
4679,46807
4681,46755
4682,46828
4677,46774
4682,46787
4685,46747
4679,46796
4677,46764
4678,46794
4679,46779
4677,46781
4676,46803
4678,46794
4680,46756
4678,46773
4683,46786
4680,46796
4679,46761
4680,46824
4678,46804
4681,46781
4680,46758
4678,46798
4679,46768
4680,46768
4679,46779
4678,46782
4677,46737
4677,46744
4680,46778
4678,46761
4676,46791
4678,46752
4676,46750
4681,46768
4677,46790
4676,46795
4681,46747
4678,46767
4679,46776
4677,46770
4677,46811
4678,46774
4680,46717
4676,46791
4680,46771
4677,46754
4680,46805
4677,46769
4675,46769
4676,46802
4677,46762
4678,46768
4676,46813
4679,46742
4677,46772
4677,46809
4675,46759
4674,46737
4677,46773
4675,46777
4675,46784
4677,46772
4679,46777
4675,46786
4679,46752
4678,46788
4678,46804
4676,46768
4677,46800
4679,46786
4676,46785
4677,46771
4677,46760
4676,46770
4674,46746
4675,46779
4680,46795
4674,46760
4676,46767
4674,46789
4673,46783
4673,46786
4674,46777
4674,46764
4675,46739
4675,46783
4673,46794
4677,46778
4674,46780
4676,46748
4673,46761
4671,46777
4676,46758
4675,46763
4672,46794
4674,46807
4676,46729
4672,46755
4673,46772
4671,46780
4673,46786
4675,46747
4671,46791
4673,46793
4676,46766
4674,46817
4674,46777
4672,46768
4671,46800
4671,46769
4676,46747
4671,46796
4671,46809
4673,46767
4672,46804
4672,46785
4670,46768
4669,46834
4670,46779
4671,46801
4670,46738
4671,46788
4669,46785
4669,46821
4669,46785
4669,46786
4668,46805
4669,46771
4670,46767
4670,46776
4669,46800
4671,46769
4671,46810
4669,46805
4669,46791
4671,46807
4669,46775
4669,46806
4669,46773
4668,46799
4668,46787
4668,46792
4669,46785
4667,46807
4667,46763
4666,46791
4665,46803
4666,46812
4666,46783
4666,46799
4669,46787
4665,46792
4667,46839
4669,46850
4671,46851
4666,46825
4666,46848
4666,46829
4664,46805
4666,46824
4668,46811
4665,46849
4664,46816
4664,46851
4664,46834
4664,46852
4665,46812
4664,46857
4665,46856
4667,46829
4670,46878
4667,46864
4668,46851
4667,46856
4668,46844
4667,46826
4666,46846
4662,46857
4661,46817
4664,46835
4663,46832
4665,46849
4661,46842
4663,46844
4661,46821
4661,46847
4663,46811
4662,46862
4660,46865
4663,46818
4662,46863
4660,46880
4664,46863
4662,46878
4662,46840
4662,46867
4665,46889
4665,46890
4668,46843
4659,46896
4657,46844
4660,46867
4663,46858
4664,46895
4663,46852
4661,46902
4665,46877
4665,46924
4664,46880
4661,46883
4663,46860
4660,46915
4661,46878
4658,46892
4659,46885
4657,46938
4660,46889
4661,46900
4662,46885
4657,46897
4658,46913
4656,46897
4657,46904
4660,46903
4658,46938
4658,46893
4660,46887
4662,46896
4662,46946
4659,46918
4656,46928
4657,46936
4659,46896
4660,46939
4662,46922
4659,46945
4656,46923
4657,46935
4659,46931
4661,46935
4659,46960
4658,46935
4658,46931
4658,46944
4659,46907
4657,46909
4658,46949
4658,46938
4658,46914
4654,46953
4657,46942
4654,46911
4655,46927
4649,46915
4649,46940
4652,46960
4647,46936
4652,46912
4649,46925
4648,46932
4652,46866
4648,46915
4647,46916
4649,46931
4647,46918
4650,46876
4651,46900
4650,46900
4650,46891
4653,46928
4649,46938
4650,46943
4649,46922
4651,46904
4650,46949
4648,46891
4645,46880
4648,46904
4648,46918
4647,46948
4647,46926
4648,46919
4649,46887
4648,46881
4645,46891
4647,46909
4650,46922
4647,46919
4650,46931
4647,46898
4647,46906
4639,46910
4641,46884
4640,46865
4639,46938
4640,46912
4641,46894
4638,46926
4638,46888
4640,46926
4641,46903
4643,46924
4639,46903
4642,46895
4641,46913
4637,46908
4638,46889
4635,46887
4637,46859
4637,46892
4638,46890
4636,46864
4638,46875
4637,46893
4641,46916
4639,46896
4638,46833
4637,46881
4633,46893
4635,46926
4631,46932
4632,46851
4633,46878
4636,46918
4632,46882
4635,46876
4631,46868
4635,46882
4629,46853
4629,46864
4629,46844
4634,46875
4633,46866
4631,46885
4630,46854
4634,46875
4633,46855
4632,46869
4635,46886
4632,46887
4632,46838
4631,46871
4630,46857
4632,46876
4631,46883
4631,46851
4630,46844
4628,46886
4631,46857
4626,46854
4624,46880
4624,46860
4629,46882
4629,46864
4628,46877
4628,46884
4627,46828
4627,46862
4626,46876
4626,46882
4626,46848
4624,46867
4626,46836
4627,46867
4625,46862
4625,46869
4625,46851
4626,46848
4622,46834
4624,46844
4621,46845
4621,46862
4621,46850
4622,46855
4621,46912
4622,46832
4621,46857
4621,46839
4619,46841
4617,46879
4619,46843
4618,46886
4619,46865
4618,46889
4617,46852
4616,46860
4617,46849
4615,46854
4614,46899
4616,46888
4615,46901
4614,46855
4613,46824
4613,46871
4614,46830
4610,46846
4610,46844
4610,46831
4613,46839
4609,46817
4610,46822
4608,46824
4609,46823
4606,46837
4607,46820
4606,46824
4609,46850
4608,46836
4607,46853
4607,46809
4607,46820
4607,46810
4603,46822
4606,46805
4606,46833
4605,46827
4605,46820
4604,46864
4603,46804
4604,46844
4602,46810
4603,46842
4601,46819
4602,46829
4599,46838
4601,46829
4599,46832
4601,46829
4600,46829
4598,46794
4599,46819
4598,46812
4598,46820
4598,46811
4597,46808
4597,46830
4594,46802
4596,46838
4595,46819
4595,46826
4595,46801
4595,46795
4594,46815
4594,46821
4594,46835
4594,46760
4591,46830
4592,46799
4593,46791
4592,46799
4590,46788
4590,46811
4591,46810
4590,46788
4590,46815
4588,46795
4589,46812
4588,46807
4589,46791
4586,46792
4587,46796
4587,46798
4585,46845
4586,46806
4585,46815
4586,46809
4586,46806
4585,46795
4586,46806
4583,46803
4583,46797
4583,46807
4583,46803
4582,46765
4583,46821
4581,46780
4580,46804
4579,46793
4580,46826
4578,46837
4579,46786
4579,46796
4579,46788
4578,46809
4579,46822
4577,46810
4578,46796
4576,46793
4577,46790
4576,46810
4576,46778
4576,46803
4575,46804
4576,46808
4577,46807
4575,46788
4573,46780
4574,46814
4574,46788
4573,46772
4573,46773
4572,46783
4572,46817
4572,46794
4572,46764
4573,46795
4570,46775
4571,46839
4572,46835
4571,46796
4570,46778
4569,46797
4570,46791
4569,46797
4569,46806
4568,46802
4567,46785
4567,46772
4568,46807
4566,46805
4567,46824
4567,46801
4567,46780
4565,46795
4566,46795
4567,46767
4562,46805
4562,46839
4564,46816
4565,46784
4564,46789
4564,46812
4562,46800
4564,46793
4564,46781
4562,46821
4563,46781
4562,46792
4562,46762
4562,46767
4561,46810
4563,46804
4560,46772
4560,46794
4559,46819
4560,46779
4560,46800
4560,46802
4559,46763
4559,46780
4559,46809
4559,46783
4559,46796
4559,46767
4558,46783
4557,46782
4557,46809
4559,46803
4557,46797
4558,46813
4557,46778
4557,46803
4556,46791
4557,46843
4555,46810
4555,46804
4556,46790
4554,46810
4555,46815
4554,46802
4556,46806
4555,46798
4554,46805
4553,46808
4552,46807
4552,46781
4554,46816
4552,46790
4551,46802
4550,46781
4552,46793
4551,46786
4550,46802
4550,46797
4550,46776
4549,46792
4549,46818
4548,46758
4549,46805
4548,46818
4548,46803
4548,46813
4548,46830
4547,46777
4548,46798
4547,46792
4546,46776
4547,46823
4547,46822
4546,46831
4546,46801
4546,46774
4545,46777
4545,46776
4545,46835
4548,46786
4545,46835
4546,46809
4546,46794
4544,46828
4544,46794
4545,46781
4544,46802
4545,46801
4544,46786
4544,46815
4545,46780
4544,46805
4543,46785
4544,46826
4544,46805
4543,46793
4542,46784
4542,46839
4544,46775
4543,46785
4544,46818
4542,46801
4543,46781
4543,46785
4543,46788
4543,46793
4542,46798
4542,46799
4542,46823
4542,46800
4542,46814
4542,46803
4542,46806
4542,46801
4542,46808
4542,46809
4541,46814
4541,46819
4542,46828
4540,46800
4540,46806
4541,46808
4541,46801
4540,46795
4541,46808
4541,46831
4540,46811
4540,46857
4540,46810
4539,46829
4540,46818
4539,46792
4539,46791
4539,46836
4538,46813
4539,46831
4538,46797
4537,46832
4538,46819
4538,46806
4537,46838
4537,46815
4537,46829
4536,46782
4537,46814
4536,46811
4537,46788
4537,46811
4537,46813
4536,46779
4538,46792
4536,46830
4536,46786
4535,46783
4535,46773
4535,46817
4534,46815
4534,46830
4534,46791
4533,46825
4533,46819
4532,46804
4534,46814
4533,46814
4535,46803
4534,46793
4533,46819
4533,46851
4532,46805
4533,46809
4532,46823
4532,46808
4531,46825
4531,46819
4531,46815
4532,46834
4532,46857
4531,46827
4532,46801
4532,46810
4531,46808
4530,46829
4531,46809
4531,46810
4531,46803
4531,46827
4530,46808
4532,46800
4530,46829
4530,46814
4530,46815
4529,46803
4530,46822
4530,46833
4530,46823
4529,46817
4530,46798
4530,46826
4529,46819
4529,46813
4529,46827
4529,46805
4529,46798
4529,46840
4529,46819
4529,46840
4530,46821
4528,46813
4529,46836
4530,46810
4529,46859
4529,46829
4528,46829
4528,46817
4530,46836
4528,46823
4529,46801
4528,46822
4529,46785
4528,46812
4528,46799
4529,46810
4528,46823
4528,46816
4528,46846
4528,46798
4528,46825
4528,46850
4528,46827
4528,46839
4529,46855
4528,46841
4527,46813
4528,46811
4528,46829
4527,46818
4528,46828
4528,46836
4527,46790
4528,46817
4527,46814
4528,46816
4527,46834
4527,46803
4527,46822
4527,46841
4527,46868
4528,46818
4527,46817
4526,46821
4527,46856
4527,46839
4526,46813
4529,46792
4528,46842
4527,46840
4527,46883
4527,46819
4527,46804
4527,46868
4527,46858
4527,46822
4527,46818
4526,46832
4527,46808
4526,46821
4527,46839
4527,46838
4527,46844
4527,46845
4526,46855
4526,46825
4526,46826
4526,46842
4527,46844
4526,46852
4526,46838
4526,46818
4526,46834
4527,46827
4527,46809
4527,46815
4527,46828
4527,46818
4526,46847
4527,46836
4527,46844
4526,46810
4527,46841
4526,46880
4525,46845
4525,46840
4525,46814
4526,46821
4525,46852
4525,46834
4525,46841
4525,46846
4526,46788
4525,46847
4526,46823
4525,46811
4524,46844
4525,46838
4525,46846
4525,46823
4525,46844
4525,46864
4526,46818
4525,46836
4526,46821
4525,46845
4526,46862
4526,46832
4524,46881
4526,46828
4525,46836
4525,46848
4525,46849
4525,46873
4524,46848
4524,46837
4525,46849
4525,46871
4524,46816
4525,46857
4525,46861
4527,46859
4525,46843
4525,46807
4524,46806
4524,46823
4524,46884
4525,46856
4525,46859
4524,46824
4524,46847
4524,46869
4524,46827
4524,46845
4525,46836
4525,46849
4525,46872
4527,46862
4524,46859
4524,46840
4525,46858
4525,46872
4525,46852
4525,46881
4524,46830
4524,46852
4527,46871
4524,46849
4523,46847
4524,46842
4525,46842
4525,46864
4526,46838
4524,46852
4524,46867
4524,46848
4523,46848
4525,46882
4524,46846
4523,46867
4524,46856
4526,46834
4524,46861
4525,46839
4523,46864
4524,46903
4524,46870
4523,46871
4525,46893
4524,46862
4524,46879
4525,46830
4525,46810
4524,46831
4524,46813
4524,46823
4524,46854
4524,46790
4524,46855
4524,46837
4523,46825
4523,46807
4525,46800
4524,46735
4524,46780
4523,46769
4523,46828
4523,46813
4524,46777
4523,46817
4522,46787
4523,46785
4522,46788
4523,46799
4522,46760
4522,46799
4523,46751
4523,46814
4523,46822
4524,46795
4523,46787
4523,46796
4523,46772
4523,46758
4522,46739
4522,46761
4524,46743
4523,46712
4523,46742
4523,46745
4523,46797
4524,46752
4523,46772
4524,46760
4523,46760
4523,46753
4521,46776
4523,46746
4523,46712
4522,46744
4523,46761
4522,46723
4521,46706
4522,46760
4523,46725
4522,46723
4523,46675
4523,46692
4523,46714
4522,46739
4523,46715
4524,46672
4522,46710
4521,46721
4522,46699
4524,46689
4523,46699
4523,46683
4523,46709
4523,46705
4524,46704
4524,46701
4524,46682
4523,46707
4523,46720
4522,46689
4524,46642
4522,46692
4524,46667
4524,46668
4524,46639
4524,46646
4524,46636
4524,46677
4523,46675
4525,46616
4524,46648
4525,46654
4524,46632
4524,46650
4524,46655
4525,46654
4525,46665
4524,46632
4525,46623
4525,46646
4524,46637
4525,46601
4525,46621
4524,46622
4525,46643
4525,46580
4524,46622
4524,46598
4524,46653
4524,46614
4524,46591
4524,46648
4525,46627
4526,46622
4526,46611
4526,46649
4526,46632
4525,46652
4526,46634
4525,46607
4524,46618
4526,46580
4525,46599
4526,46612
4526,46614
4526,46629
4526,46620
4527,46588
4526,46588
4526,46594
4527,46614
4526,46595
4526,46618
4527,46597
4526,46610
4528,46573
4526,46603
4527,46562
4527,46588
4526,46565
4527,46612
4527,46616
4527,46628
4527,46566
4527,46607
4527,46587
4527,46589
4528,46594
4527,46586
4527,46572
4529,46576
4528,46561
4530,46593
4529,46566
4529,46570
4529,46584
4529,46628
4529,46590
4528,46580
4528,46593
4529,46551
4531,46571
4530,46593
4529,46553
4529,46590
4531,46607
4529,46520
4529,46587
4529,46558
4530,46573
4531,46565
4532,46581
4531,46579
4531,46565
4530,46575
4531,46594
4531,46637
4532,46600
4533,46554
4534,46609
4533,46623
4535,46606
4533,46606
4533,46603
4534,46571
4533,46583
4534,46636
4535,46600
4535,46587
4535,46585
4536,46597
4536,46589
4536,46571
4536,46565
4537,46618
4537,46583
4539,46595
4538,46608
4538,46573
4538,46612
4538,46577
4540,46601
4539,46562
4540,46610
4539,46658
4540,46571
4541,46568
4541,46615
4541,46583
4541,46603
4541,46616
4541,46609
4542,46619
4542,46586
4542,46606
4541,46640
4542,46647
4544,46587
4543,46646
4543,46619
4543,46587
4544,46652
4544,46598
4543,46660
4543,46639
4543,46639
4544,46636
4545,46636
4544,46668
4544,46633
4544,46625
4544,46636
4544,46634
4545,46634
4546,46643
4545,46623
4545,46625
4546,46624
4546,46648
4547,46635
4547,46634
4546,46643
4547,46679
4547,46644
4547,46642
4548,46648
4548,46630
4549,46635
4548,46659
4550,46643
4550,46654
4550,46662
4552,46672
4550,46676
4551,46638
4552,46695
4553,46669
4553,46621
4553,46670
4555,46638
4553,46609
4556,46643
4556,46657
4556,46656
4554,46644
4556,46632
4556,46657
4556,46642
4557,46652
4558,46643
4558,46649
4558,46691
4557,46676
4559,46676
4560,46621
4558,46649
4560,46669
4559,46662
4559,46647
4559,46663
4559,46656
4559,46682
4560,46647
4560,46680
4560,46705
4559,46694
4560,46649
4560,46654
4561,46687
4561,46654
4561,46688
4561,46665
4565,46680
4564,46666
4563,46648
4562,46663
4563,46653
4563,46659
4564,46648
4563,46675
4564,46676
4563,46637
4565,46698
4565,46649
4566,46665
4566,46705
4566,46650
4567,46715
4567,46695
4568,46677
4568,46671
4569,46693
4569,46681
4569,46694
4569,46681
4571,46670
4571,46700
4571,46676
4571,46700
4572,46709
4571,46657
4572,46685
4573,46659
4572,46677
4573,46705
4574,46698
4574,46714
4574,46686
4574,46691
4575,46690
4575,46713
4575,46699
4575,46700
4575,46688
4576,46698
4576,46687
4575,46675
4576,46674
4576,46719
4576,46678
4576,46685
4576,46688
4576,46699
4577,46715
4578,46773
4577,46680
4577,46720
4577,46698
4577,46662
4578,46703
4578,46702
4578,46700
4579,46696
4578,46701
4578,46723
4580,46732
4579,46719
4582,46706
4581,46688
4580,46695
4580,46690
4581,46690
4581,46722
4583,46686
4581,46702
4581,46714
4583,46691
4584,46701
4584,46688
4585,46744
4586,46684
4586,46730
4586,46688
4586,46683
4587,46715
4587,46715
4586,46711
4588,46667
4588,46662
4588,46684
4589,46741
4588,46711
4588,46696
4589,46669
4589,46709
4588,46695
4589,46738
4589,46671
4590,46700
4592,46734
4591,46734
4591,46661
4591,46701
4591,46710
4590,46686
4591,46710
4592,46714
4592,46693
4591,46667
4592,46705
4591,46709
4591,46720
4592,46705
4591,46711
4593,46698
4593,46707
4592,46710
4591,46698
4592,46720
4593,46713
4592,46728
4592,46676
4593,46718
4594,46719
4593,46699
4592,46699
4593,46718
4594,46712
4594,46700
4594,46724
4596,46729
4595,46748
4594,46719
4594,46706
4594,46687
4595,46745
4596,46694
4595,46688
4596,46689
4596,46711
4596,46709
4597,46757
4598,46670
4597,46684
4597,46688
4598,46718
4599,46704
4599,46720
4598,46716
4599,46715
4599,46721
4601,46696
4600,46696
4600,46752
4602,46729
4601,46730
4602,46727
4603,46722
4601,46690
4602,46749
4602,46734
4602,46703
4602,46702
4603,46722
4603,46705
4603,46706
4603,46715
4604,46744
4605,46712
4605,46713
4604,46690
4605,46746
4604,46699
4605,46724
4607,46727
4604,46693
4605,46722
4606,46716
4606,46706
4606,46714
4606,46727
4605,46697
4606,46672
4605,46673
4607,46740
4606,46754
4607,46717
4607,46699
4606,46711
4607,46712
4607,46737
4607,46688
4607,46727
4607,46706
4607,46712
4607,46686
4608,46732
4608,46730
4607,46712
4608,46742
4608,46736
4607,46723
4608,46739
4607,46724
4608,46725
4607,46723
4608,46736
4608,46733
4609,46720
4609,46739
4609,46742
4608,46716
4610,46712
4610,46706
4610,46712
4610,46715
4611,46722
4611,46737
4611,46727
4610,46700
4610,46747
4610,46713
4609,46739
4611,46724
4611,46721
4610,46710
4613,46704
4610,46707
4611,46760
4610,46728
4612,46712
4612,46715
4611,46751
4611,46707
4612,46734
4613,46750
4612,46733
4614,46725
4613,46717
4613,46758
4612,46725
4613,46753
4614,46695
4613,46728
4612,46740
4613,46739
4613,46717
4612,46702
4613,46704
4614,46699
4614,46712
4614,46680
4614,46742
4615,46699
4616,46702
4616,46732
4614,46701
4616,46721
4616,46727
4615,46735
4616,46716
4615,46768
4616,46735
4616,46709
4616,46740
4617,46701
4616,46704
4617,46745
4617,46676
4618,46754
4618,46722
4617,46727
4618,46722
4618,46709
4618,46715
4617,46726
4618,46726
4619,46756
4618,46736
4620,46753
4618,46691
4619,46719
4621,46710
4621,46686
4621,46717
4621,46717
4621,46724
4620,46732
4620,46733
4621,46740
4620,46735
4621,46683
4620,46718
4619,46726
4620,46747
4622,46744
4621,46687
4621,46707
4620,46738
4621,46703
4621,46724
4621,46725
4622,46723
4621,46718
4622,46743
4621,46724
4623,46740
4622,46728
4622,46714
4623,46729
4622,46710
4622,46748
4622,46731
4623,46719
4622,46735
4623,46718
4622,46741
4623,46731
4623,46736
4623,46728
4623,46734
4622,46735
4623,46735
4622,46735
4624,46721
4622,46741
4623,46750
4623,46722
4623,46687
4624,46721
4623,46729
4624,46708
4623,46704
4623,46731
4624,46704
4623,46679
4624,46735
4623,46731
4624,46743
4624,46716
4624,46694
4624,46767
4624,46739
4624,46720
4624,46734
4623,46705
4624,46708
4624,46719
4625,46752
4624,46716
4624,46728
4624,46740
4624,46704
4624,46721
4624,46695
4624,46751
4624,46711
4624,46762
4625,46726
4624,46735
4624,46706
4624,46750
4628,46705
4625,46729
4626,46771
4626,46706
4626,46715
4627,46738
4625,46716
4628,46740
4626,46737
4625,46736
4625,46717
4625,46720
4625,46736
4626,46747
4626,46737
4626,46724
4626,46723
4626,46711
4625,46728
4626,46778
4625,46732
4625,46764
4626,46735
4627,46733
4627,46760
4626,46692
4627,46740
4627,46766
4627,46734
4627,46738
4628,46733
4627,46726
4627,46711
4629,46732
4627,46716
4628,46730
4630,46706
4628,46741
4629,46733
4629,46737
4628,46715
4629,46720
4629,46719
4631,46740
4629,46722
4630,46725
4630,46747
4628,46728
4629,46745
4629,46729
4629,46757
4631,46730
4631,46729
4630,46730
4629,46728
4628,46755
4630,46760
4629,46735
4630,46705
4630,46735
4628,46706
4632,46712
4631,46715
4631,46736
4630,46749
4629,46715
4631,46692
4631,46735
4631,46723
4633,46737
4632,46730
4631,46745
4632,46739
4631,46746
4633,46707
4632,46719
4633,46740
4632,46737
4632,46736
4633,46701
4632,46712
4631,46724
4631,46716
4632,46732
4633,46755
4632,46711
4633,46726
4634,46757
4632,46722
4631,46723
4633,46725
4632,46728
4632,46740
4633,46723
4633,46730
4632,46717
4632,46715
4633,46697
4634,46717
4633,46742
4634,46696
4633,46724
4635,46759
4634,46730
4633,46717
4634,46734
4635,46687
4634,46752
4634,46742
4634,46723
4635,46690
4636,46712
4635,46722
4636,46721
4635,46707
4634,46733
4635,46760
4636,46726
4635,46717
4634,46745
4637,46724
4636,46731
4636,46695
4635,46694
4635,46745
4633,46712
4632,46743
4637,46720
4631,46739
4633,46722
4634,46702
4633,46717
4636,46724
4634,46720
4633,46701
4636,46705
4636,46700
4635,46716
4634,46736
4636,46726
4635,46692
4636,46733
4636,46715
4634,46759
4638,46722
4637,46725
4635,46734
4636,46710
4637,46711
4634,46703
4636,46712
4637,46740
4637,46699
4637,46754
4635,46703
4636,46720
4636,46748
4638,46702
4636,46729
4637,46723
4636,46697
4635,46719
4639,46726
4633,46688
4636,46701
4636,46691
4635,46709
4636,46724
4638,46718
4637,46737
4638,46730
4638,46701
4639,46719
4638,46710
4637,46722
4637,46720
4635,46710
4638,46756
4637,46726
4638,46712
4639,46747
4638,46736
4639,46721
4638,46747
4638,46692
4640,46720
4638,46743
4638,46731
4639,46741
4639,46689
4640,46731
4639,46735
4640,46736
4638,46692
4638,46705
4639,46726
4639,46757
4640,46723
4640,46725
4639,46720
4640,46740
4641,46712
4640,46727
4640,46715
4641,46742
4640,46732
4640,46725
4640,46716
4639,46730
4639,46722
4640,46688
4639,46692
4640,46722
4641,46716
4640,46707
4642,46715
4639,46769
4640,46755
4640,46722
4640,46702
4640,46732
4640,46719
4641,46758
4639,46708
4638,46688
4638,46715
4640,46702
4640,46708
4640,46714
4638,46687
4641,46709
4641,46711
4641,46741
4641,46724
4640,46719
4643,46745
4639,46704
4637,46694
4643,46715
4642,46704
4641,46711
4641,46722
4643,46715
4641,46716
4642,46717
4640,46740
4642,46744
4639,46706
4641,46706
4642,46702
4642,46698
4641,46704
4643,46699
4641,46703
4641,46692
4643,46718
4640,46722
4640,46682
4642,46687
4636,46738
4638,46697
4637,46680
4639,46691
4643,46752
4639,46700
4641,46704
4643,46722
4643,46709
4642,46739
4642,46718
4641,46730
4642,46754
4640,46715
4640,46730
4639,46715
4634,46747
4641,46732
4639,46743
4643,46704
4645,46758
4642,46736
4641,46742
4640,46761
4642,46724
4643,46711
4638,46735
4638,46706
4637,46743
4641,46708
4639,46746
4640,46768
4643,46751
4639,46740
4638,46749
4645,46765
4642,46725
4641,46754
4642,46724
4638,46754
4642,46794
4640,46755
4643,46769
4642,46754
4644,46777
4641,46771
4642,46795
4636,46769
4642,46775
4642,46824
4641,46774
4642,46795
4643,46797
4643,46771
4643,46795
4644,46780
4638,46807
4643,46778
4639,46758
4642,46806
4643,46796
4640,46780
4644,46776
4643,46776
4642,46801
4641,46783
4647,46827
4643,46821
4644,46785
4643,46820
4644,46811
4645,46804
4643,46816
4644,46824
4645,46794
4642,46794
4643,46823
4643,46781
4645,46815
4645,46777
4645,46806
4645,46824
4642,46802
4644,46809
4642,46810
4646,46815
4645,46805
4645,46812
4645,46815
4645,46855
4646,46844
4646,46809
4643,46817
4644,46844
4644,46810
4642,46797
4644,46854
4643,46823
4646,46819
4644,46822
4646,46812
4644,46842
4645,46821
4645,46863
4645,46801
4645,46863
4645,46844
4644,46844
4644,46853
4644,46835
4643,46861
4644,46859
4644,46872
4642,46852
4643,46867
4646,46864
4646,46862
4645,46868
4644,46884
4645,46878
4645,46869
4646,46883
4644,46872
4646,46865
4645,46860
4644,46862
4645,46868
4640,46873
4644,46886
4644,46844
4643,46867
4640,46862
4641,46852
4638,46873
4642,46850
4641,46858
4642,46874
4644,46855
4643,46859
4642,46902
4642,46917
4644,46893
4642,46869
4644,46894
4645,46898
4643,46894
4643,46876
4642,46871
4644,46931
4644,46855
4642,46877
4642,46866
4643,46914
4642,46888
4642,46917
4642,46918
4639,46884
4641,46902
4643,46873
4641,46899
4642,46890
4642,46882
4639,46888
4639,46900
4639,46920
4638,46904
4639,46917
4642,46925
4637,46936
4640,46925
4641,46880
4640,46918
4641,46945
4641,46898
4639,46884
4642,46914
4640,46920
4637,46929
4640,46895
4642,46929
4641,46943
4642,46924
4641,46920
4641,46917
4641,46949
4640,46951
4640,46890
4638,46908
4640,46950
4639,46906
4640,46898
4639,46919
4640,46949
4639,46919
4641,46940
4640,46944
4640,46944
4640,46928
4638,46919
4639,46953
4639,46936
4636,46938
4639,46943
4639,46939
4638,46947
4637,46928
4638,46919
4640,46910
4637,46943
4638,46961
4638,46931
4638,46975
4637,46948
4638,46950
4638,46939
4637,46945
4637,46939
4637,46989
4637,46962
4635,46943
4636,46918
4635,46959
4634,46940
4636,46955
4634,46923
4635,46949
4635,46944
4634,46953
4635,46928
4634,46956
4634,46974
4635,46954
4634,46931
4635,46949
4634,46997
4634,46971
4632,46940
4634,46970
4633,46946
4634,46983
4631,46970
4631,47006
4632,46982
4633,46934
4631,46942
4630,46938
4631,46942
4631,46980
4630,47003
4629,46969
4628,46979
4629,46964
4628,46982
4630,46996
4628,46998
4628,46986
4628,46971
4626,46973
4626,46969
4627,46984
4630,47007
4627,46958
4628,46990
4626,46995
4627,46977
4626,46938
4626,46971
4627,46982
4625,46947
4626,46988
4625,46974
4626,46983
4625,46973
4625,46964
4626,46986
4627,46990
4624,46988
4623,46995
4623,46977
4624,46980
4623,46975
4623,46979
4623,46985
4624,46988
4622,47011
4624,46975
4623,46973
4621,46980
4622,46984
4622,46956
4621,46927
4622,46994
4622,46956
4622,47013
4620,46975
4620,46980
4621,46944
4619,46992
4619,46976
4620,46979
4618,46969
4618,46929
4619,46939
4617,46942
4618,46992
4615,47005
4617,46958
4617,46956
4617,46930
4615,46945
4616,46948
4615,46964
4615,46937
4615,47025
4615,46950
4616,46964
4614,46944
4612,46931
4611,46952
4612,46957
4610,46968
4611,46968
4612,46969
4611,46928
4611,46959
4611,46918
4611,46961
4610,46941
4610,46953
4611,46964
4609,46965
4608,46969
4609,46943
4608,46932
4608,46919
4608,46927
4610,46905
4609,46963
4606,46949
4607,46922
4606,46941
4607,46924
4607,46942
4607,46918
4607,46956
4605,46934
4606,46908
4605,46949
4605,46950
4605,46970
4605,46928
4604,46939
4604,46915
4603,46945
4603,46935
4604,46947
4602,46957
4602,46953
4601,46893
4601,46944
4601,46931
4599,46910
4600,46928
4601,46948
4600,46913
4600,46926
4599,46929
4599,46910
4598,46912
4598,46915
4596,46931
4596,46914
4596,46921
4595,46910
4597,46925
4595,46934
4593,46918
4594,46928
4594,46918
4594,46876
4594,46938
4593,46937
4593,46956
4594,46934
4593,46932
4593,46936
4592,46941
4592,46911
4590,46908
4591,46914
4591,46923
4590,46890
4591,46899
4590,46911
4589,46914
4590,46918
4590,46907
4589,46922
4589,46922
4588,46929
4588,46914
4588,46902
4588,46902
4588,46871
4586,46901
4587,46925
4586,46903
4585,46919
4585,46915
4584,46892
4584,46934
4584,46914
4585,46882
4583,46906
4582,46923
4582,46903
4582,46924
4580,46930
4580,46907
4580,46910
4580,46917
4579,46921
4579,46900
4579,46918
4578,46920
4578,46971
4579,46900
4578,46922
4578,46956
4577,46905
4577,46896
4577,46910
4576,46887
4576,46931
4575,46903
4576,46914
4576,46911
4575,46894
4576,46916
4574,46918
4575,46901
4575,46928
4575,46926
4575,46871
4574,46904
4574,46913
4574,46896
4573,46916
4573,46912
4573,46923
4573,46863
4572,46912
4571,46896
4572,46900
4571,46898
4570,46889
4570,46931
4570,46874
4569,46891
4568,46903
4568,46908
4568,46909
4566,46909
4566,46927
4566,46887
4566,46894
4565,46905
4567,46907
4564,46915
4563,46882
4564,46875
4562,46890
4563,46919
4563,46882
4562,46882
4562,46872
4562,46926
4562,46906
4561,46845
4561,46880
4562,46903
4561,46886
4562,46893
4560,46875
4560,46851
4559,46868
4559,46903
4559,46835
4560,46899
4559,46890
4559,46897
4559,46886
4558,46895
4559,46906
4558,46854
4559,46862
4559,46861
4558,46889
4558,46855
4557,46887
4558,46855
4557,46909
4557,46888
4556,46878
4556,46836
4555,46850
4555,46912
4554,46876
4554,46899
4553,46869
4553,46892
4554,46886
4554,46886
4553,46847
4553,46874
4552,46865
4553,46888
4552,46861
4550,46914
4550,46855
4549,46854
4549,46874
4549,46892
4548,46882
4549,46867
4549,46896
4548,46883
4548,46868
4547,46861
4548,46878
4548,46861
4547,46858
4546,46867
4546,46862
4547,46860
4546,46887
4546,46902
4547,46885
4546,46887
4547,46899
4545,46872
4545,46864
4546,46857
4545,46879
4544,46884
4545,46879
4545,46865
4546,46856
4543,46853
4545,46884
4544,46880
4543,46869
4545,46874
4544,46853
4544,46849
4546,46886
4544,46841
4544,46859
4542,46853
4542,46853
4542,46858
4541,46883
4542,46888
4543,46903
4542,46856
4540,46837
4542,46853
4546,46861
4541,46882
4540,46879
4541,46871
4540,46858
4540,46877
4540,46886
4539,46879
4540,46874
4540,46873
4538,46861
4539,46856
4537,46850
4538,46891
4537,46895
4537,46877
4538,46871
4536,46878
4536,46855
4538,46863
4535,46853
4535,46885
4537,46870
4535,46864
4534,46877
4534,46877
4533,46860
4534,46854
4532,46886
4533,46882
4533,46891
4533,46879
4531,46884
4531,46866
4532,46844
4531,46881
4532,46867
4532,46856
4532,46865
4532,46865
4531,46869
4531,46890
4530,46865
4532,46869
4532,46902
4533,46897
4530,46887
4530,46865
4530,46865
4531,46880
4530,46871
4530,46876
4530,46866
4531,46895
4528,46853
4529,46884
4529,46875
4528,46859
4528,46894
4528,46885
4529,46879
4529,46849
4528,46874
4529,46887
4531,46844
4528,46864
4528,46866
4529,46871
4530,46867
4529,46891
4528,46861
4531,46833
4528,46885
4528,46885
4527,46882
4528,46882
4528,46889
4527,46857
4528,46875
4526,46875
4526,46891
4527,46874
4527,46869
4527,46869
4527,46837
4528,46884
4526,46873
4529,46887
4526,46868
4527,46846
4526,46851
4525,46880
4529,46866
4527,46864
4527,46865
4527,46870
4527,46862
4525,46905
4526,46895
4524,46914
4525,46867
4526,46873
4527,46885
4524,46843
4526,46865
4524,46872
4524,46879
4524,46866
4524,46882
4524,46899
4524,46858
4524,46900
4524,46879
4523,46888
4524,46864
4523,46873
4525,46851
4522,46887
4523,46877
4522,46887
4522,46890
4523,46871
4523,46903
4521,46887
4522,46896
4523,46876
4524,46882
4523,46871
4524,46887
4528,46896
4531,46857
4525,46882
4521,46909
4521,46878
4525,46846
4525,46880
4526,46880
4523,46900
4522,46889
4522,46875
4524,46869
4521,46891
4523,46896
4527,46866
4522,46888
4522,46908
4524,46908
4519,46865
4520,46873
4520,46903
4519,46918
4523,46895
4521,46877
4524,46915
4524,46912
4520,46871
4522,46915
4521,46884
4520,46870
4519,46892
4521,46898
4524,46880
4521,46900
4524,46909
4522,46896
4524,46864
4526,46882
4524,46909
4523,46915
4527,46900
4529,46882
4521,46886
4523,46895
4519,46913
4517,46853
4521,46914
4528,46883
4526,46886
4520,46874
4521,46899
4523,46912
4525,46908
4524,46899
4518,46870
4519,46876
4517,46912
4516,46880
4519,46894
4517,46897
4521,46911
4518,46894
4518,46894
4519,46917
4524,46898
4524,46892
4526,46910
4520,46909
4517,46872
4526,46879
4519,46914
4518,46900
4518,46939
4516,46882
4516,46905
4521,46917
4520,46908
4519,46933
4518,46884
4520,46916
4520,46922
4523,46884
4516,46921
4517,46910
4516,46883
4517,46894
4516,46889
4518,46907
4522,46900
4517,46879
4519,46892
4525,46920
4520,46893
4522,46903
4520,46913
4520,46891
4522,46926
4519,46922
4516,46924
4522,46909
4523,46874
4518,46908
4520,46908
4517,46935
4524,46916
4515,46894
4517,46906
4519,46894
4518,46889
4514,46898
4517,46898
4515,46910
4518,46903
4519,46906
4520,46874
4520,46876
4522,46888
4520,46917
4523,46899
4522,46887
4526,46897
4519,46904
4518,46902
4520,46918
4523,46884
4518,46928
4525,46875
4524,46902
4523,46914
4523,46902
4516,46913
4518,46906
4520,46892
4517,46894
4523,46878
4524,46898
4518,46910
4519,46902
4521,46902
4521,46932
4516,46900
4519,46914
4519,46937
4515,46884
4518,46912
4514,46895
4515,46933
4518,46877
4519,46916
4520,46918
4520,46946
4524,46924
4524,46897
4520,46930
4516,46889
4518,46928
4519,46945
4516,46915
4516,46893
4519,46924
4515,46910
4518,46907
4519,46918
4520,46906
4521,46927
4516,46901
4515,46894
4515,46911
4514,46917
4516,46918
4514,46910
4512,46895
4521,46922
4515,46916
4515,46937
4513,46922
4515,46936
4511,46913
4513,46891
4514,46904
4515,46911
4513,46915
4515,46886
4512,46909
4514,46921
4515,46908
4515,46918
4512,46908
4512,46923
4514,46914
4513,46901
4516,46948
4518,46925
4517,46910
4519,46859
4516,46930
4514,46937
4514,46920
4519,46947
4517,46917
4516,46894
4517,46900
4517,46950
4517,46922
4516,46903
4519,46939
4512,46923
4518,46962
4516,46898
4520,46909
4514,46934
4515,46921
4513,46937
4516,46928
4522,46900
4523,46913
4520,46916
4515,46915
4518,46943
4519,46944
4519,46962
4515,46900
4514,46921
4516,46940
4516,46940
4512,46915
4517,46896
4519,46910
4515,46911
4514,46916
4513,46953
4512,46956
4518,46905
4513,46926
4512,46921
4512,46931
4513,46946
4512,46922
4514,46925
4515,46936
4513,46951
4514,46925
4517,46921
4520,46923
4514,46926
4513,46897
4514,46941
4513,46884
4517,46927
4519,46935
4513,46927
4514,46908
4513,46909
4514,46893
4511,46912
4513,46937
4516,46923
4515,46935
4515,46958
4512,46960
4514,46952
4512,46938
4513,46923
4514,46950
4514,46920
4514,46935
4514,46936
4516,46902
4516,46915
4515,46953
4513,46917
4513,46936
4512,46957
4513,46975
4512,46928
4513,46911
4517,46932
4513,46928
4518,46916
4515,46945
4517,46948
4513,46905
4516,46924
4517,46903
4518,46935
4517,46942
4515,46917
4518,46957
4513,46922
4515,46917
4514,46926
4517,46927
4514,46965
4516,46933
4520,46958
4517,46921
4516,46941
4514,46925
4520,46956
4520,46916
4516,46907
4519,46955
4516,46927
4524,46951
4523,46926
4516,46955
4514,46981
4516,46967
4513,46929
4514,46932
4513,46958
4513,46963
4514,46930
4516,46911
4517,46927
4517,46944
4513,46927
4515,46960
4515,46968
4512,46933
4513,46931
4514,46944
4512,46913
4513,46934
4516,46966
4513,46955
4511,46936
4513,46937
4513,46947
4513,46926
4513,46937
4511,46952
4514,46930
4514,46899
4513,46923
4515,46942
4514,46954
4512,46907
4514,46929
4513,46978
4513,46975
4512,46920
4513,46950
4512,46928
4513,46956
4512,46958
4513,46939
4513,46949
4513,46924
4514,46963
4514,46977
4513,46952
4514,46925
4512,46962
4515,46927
4512,46960
4513,46957
4517,46924
4514,46943
4513,46940
4514,46949
4512,46992
4513,46951
4516,46936
4515,46968
4513,46955
4517,46956
4513,46947
4515,46910
4515,46944
4519,46942
4515,46968
4518,46972
4520,46945
4520,46945
4514,46940
4521,46968
4513,46960
4513,46933
4513,46936
4514,46927
4514,46943
4514,46950
4514,46975
4513,46952
4514,46923
4513,46934
4515,46917
4512,46919
4513,46909
4514,46949
4514,46948
4512,46944
4512,46955
4514,46953
4516,46949
4514,47003
4513,46973
4512,46950
4514,46942
4520,46947
4514,46963
4517,46991
4515,46950
4514,46964
4516,46936
4519,46960
4514,46946
4513,46949
4516,46942
4516,46950
4512,46961
4516,46904
4515,46947
4514,46949
4519,46937
4517,46948
4514,46938
4513,46923
4515,46981
4516,46960
4516,46947
4514,46932
4517,46961
4513,46941
4515,46978
4515,46993
4515,46952
4514,46941
4514,46959
4513,46964
4513,46948
4514,46933
4513,46953
4513,46946
4513,46933
4513,46976
4512,46953
4513,46973
4514,46958
4517,46979
4514,46934
4513,46949
4513,46922
4514,46969
4514,46979
4513,46974
4513,46941
4513,46963
4515,46970
4515,46935
4514,46937
4514,46942
4515,46949
4513,46984
4516,46985
4515,46951
4513,46981
4518,46961
4516,46939
4518,46997
4514,46953
4514,46989
4516,46952
4515,46957
4516,46965
4514,46932
4515,46943
4513,46965
4515,46929
4514,46984
4516,46988
4515,46965
4515,46965
4518,46969
4514,46967
4526,46979
4523,46964
4520,47006
4522,46960
4524,46984
4524,46983
4518,46953
4516,46974
4516,46962
4519,46930
4517,46925
4516,46945
4518,46961
4516,47001
4515,46967
4518,46986
4516,46968
4516,46975
4516,46977
4516,46936
4515,46958
4513,47000
4515,46967
4515,46964
4516,46960
4516,46991
4515,46944
4515,46952
4515,46940
4514,46955
4516,46964
4516,46979
4515,46949
4516,46963
4518,46983
4515,46950
4516,46983
4517,46988
4516,46968
4517,46977
4518,46938
4517,46991
4516,46952
4517,46966
4515,46962
4515,46953
4514,46960
4514,46960
4517,46990
4515,46958
4517,46981
4518,46976
4515,46978
4519,46969
4517,46991
4527,46970
4518,46986
4515,46994
4515,46939
4517,46972
4517,46970
4516,46963
4516,46972
4516,46965
4516,46979
4515,46944
4516,46955
4517,46981
4517,46948
4518,46939
4515,46961
4518,46974
4517,46944
4516,46975
4518,46958
4517,46922
4517,46981
4518,46967
4517,46984
4520,46972
4519,46999
4519,46946
4519,46964
4518,46988
4517,46985
4518,46960
4517,46946
4517,47009
4518,46961
4517,46989
4516,46993
4517,46971
4516,47014
4518,46971
4518,46971
4517,46973
4518,46966
4518,46979
4518,46956
4518,46999
4518,46951
4518,46978
4517,46987
4516,46965
4518,46978
4516,46989
4518,46999
4517,46954
4517,46973
4518,46976
4518,46966
4517,46976
4516,46977
4518,46986
4518,47009
4518,46976
4518,46970
4519,46957
4519,46964
4517,46990
4518,46970
4520,46970
4518,46994
4518,46934
4518,46964
4518,46966
4520,46983
4518,46983
4520,46963
4519,46984
4519,46967
4519,46969
4518,46995
4521,47012
4518,47000
4519,46943
4519,46971
4520,47006
4521,46973
4521,46974
4522,46968
4520,46968
4522,46983
4521,46955
4521,47009
4520,46979
4520,46969
4519,46974
4520,46978
4520,46954
4520,46958
4520,46963
4520,46990
4519,46995
4519,46958
4520,46961
4520,47000
4520,46991
4521,46990
4521,46979
4521,46974
4520,46980
4522,47002
4523,46999
4521,46998
4520,47009
4526,46978
4524,47007
4521,46988
4522,46989
4521,46994
4521,46998
4521,46996
4521,46980
4519,46980
4522,47013
4520,46998
4521,46991
4520,46979
4522,46985
4520,47014
4521,46990
4520,46977
4521,46974
4522,47004
4521,46967
4521,46963
4523,46969
4522,46994
4521,47007
4521,46947
4522,46958
4521,46984
4521,46952
4521,47002
4521,47018
4522,46969
4520,46948
4520,46980
4522,46978
4521,47005
4520,47003
4522,46983
4522,47007
4521,46982
4522,47008
4522,47011
4522,46958
4522,46979
4524,46971
4524,46986
4522,47000
4524,46985
4523,47015
4523,46976
4527,46992
4525,47008
4526,47004
4523,46975
4524,46976
4524,46972
4523,47029
4524,46994
4522,47005
4523,46974
4524,46989
4525,46972
4526,46973
4525,47007
4524,47011
4524,47020
4524,46966
4524,46972
4525,47016
4526,46966
4525,46973
4524,46987
4527,46973
4524,46967
4524,47029
4524,47025
4526,47003
4526,47010
4523,46968
4523,46964
4524,46988
4524,47012
4525,46984
4526,46951
4524,47016
4526,46980
4524,46977
4524,46983
4526,46988
4524,47045
4523,46978
4525,46978
4525,46996
4525,47011
4524,46980
4524,47001
4525,47005
4525,47011
4526,46975
4525,47003
4527,46996
4525,47005
4527,47001
4526,47000
4527,47010
4525,47043
4526,46972
4527,46992
4526,47022
4527,46979
4524,47009
4525,46989
4525,46982
4525,46984
4525,47022
4525,47013
4526,46975
4527,46994
4526,47020
4527,46984
4526,46996
4529,47012
4527,46996
4527,47009
4527,47006
4533,46987
4528,47005
4527,46994
4526,47002
4532,47022
4528,46977
4525,47018
4528,47001
4526,46998
4526,47012
4526,47015
4528,46998
4526,47017
4527,46982
4526,47021
4526,46993
4526,47014
4526,47022
4526,47010
4526,47002
4526,47007
4527,46976
4527,46999
4526,47020
4526,47033
4527,47023
4526,47007
4528,47006
4526,46988
4528,46986
4527,46979
4527,47012
4527,47040
4528,47015
4526,46999
4527,47006
4527,46987
4528,47017
4527,47000
4527,47018
4527,47006
4528,47017
4527,46979
4527,47013
4528,47016
4527,47005
4529,46972
4529,46971
4528,46992
4527,46998
4529,47035
4527,46999
4528,46989
4529,47006
4528,47033
4528,46990
4528,47025
4527,47031
4529,47013
4527,47010
4527,47002
4527,47026
4527,47015
4527,46975
4528,47027
4528,47021
4528,47005
4529,47002
4530,47006
4528,47012
4529,47018
4527,47012
4528,47012
4528,46970
4527,47019
4528,47031
4529,47024
4529,47031
4528,47009
4528,47024
4529,46983
4527,47013
4530,47026
4529,47021
4529,47025
4527,47043
4528,47036
4528,47028
4528,47007
4530,47003
4531,47022
4529,47048
4529,47030
4529,47023
4530,47030
4530,46988
4530,47038
4533,47026
4528,47024
4528,47045
4528,47005
4528,47057
4527,47029
4529,46997
4529,47040
4530,46994
4532,47019
4528,47048
4529,47008
4528,47032
4529,46999
4529,47008
4530,46978
4532,47022
4530,47035
4529,47008
4529,47033
4529,47039
4529,47024
4531,47031
4534,47027
4532,47000
4530,47006
4534,47024
4532,47025
4532,47023
4535,47033
4533,46990
4540,47017
4536,47049
4538,47021
4536,47017
4538,47041
4539,47045
4534,47018
4539,47029
4542,47030
4539,47027
4539,47028
4534,47049
4532,47028
4534,47018
